5200000 0.11916226640688753 
5250000 0.11907726555210961 
5300000 0.11892596804688511 
5350000 0.11892888529085055 
5400000 0.11896024939506851 
5450000 0.11906572592451291 
5500000 0.11900685709725997 
5550000 0.11896251110446208 
5600000 0.11909101683302459 
5650000 0.11915070461478333 
5700000 0.11889359797074435 
5750000 0.11881779567357449 
5800000 0.11920801615194442 
5850000 0.11921681928550124 
5900000 0.11927217709689493 
5950000 0.11929605463750682 
6000000 0.11904933203867744 
6050000 0.11923253650482589 
6100000 0.11902513347391727 
6150000 0.11895511111094974 
6200000 0.11932772423319817 
6250000 0.11920505404658117 
6300000 0.1187460279199051 
6350000 0.11895662881680741 
6400000 0.11922020765966371 
6450000 0.11920188460583532 
6500000 0.11914891421378444 
6550000 0.11929307090081549 
6600000 0.11907139732059618 
6650000 0.11912777107399604 
6700000 0.11914850569351712 
6750000 0.11928356956183077 
6800000 0.11923639508138162 
6850000 0.11905844347854343 
6900000 0.11909747385363914 
6950000 0.1191806204573681 
7000000 0.11933953882962112 
7050000 0.11923660275832011 
7100000 0.11901540395671473 
7150000 0.11913989953021967 
7200000 0.11906954993522015 
7250000 0.1193910182113006 
7300000 0.11901315492122659 
7350000 0.11902420296850635 
7400000 0.11912038450806622 
7450000 0.11917620231317592 
7500000 0.11922291583915814 
7550000 0.11922958943394847 
7600000 0.11885697077072674 
7650000 0.11916804324603882 
7700000 0.11914154820675849 
7750000 0.11936237688674059 
7800000 0.11932549635841026 
7850000 0.11912745927587075 
7900000 0.11905448640306555 
7950000 0.11942456313099677 
8000000 0.11919049093649908 
8050000 0.1190133425210119 
8100000 0.11929208483614992 
8150000 0.11923510256666704 
