0 0.14377862646576017 
2320 0.14377862646576017 
50000 0.14377862646576017 
100000 0.14377862646576017 
150000 0.14377862646576017 
200000 0.14377862646576017 
250000 0.14377862646576017 
300000 0.14377862646576017 
350000 0.14377862646576017 
400000 0.14377862646576017 
450000 0.14377862646576017 
500000 0.14377862646576017 
550000 0.14377862646576017 
600000 0.14377862646576017 
650000 0.14377862646576017 
700000 0.14377862646576017 
750000 0.14377862646576017 
800000 0.14377862646576017 
850000 0.14377862646576017 
900000 0.14377862646576017 
950000 0.14377862646576017 
1000000 0.14377862646576017 
1050000 0.14377862646576017 
1100000 0.14377862646576017 
1150000 0.14377862646576017 
1200000 0.11928784412016046 
1250000 0.11887054803308945 
1300000 0.11870479983734662 
1350000 0.1186921889142071 
1400000 0.11880434874518045 
1450000 0.11895790667714375 
1500000 0.11926649353378804 
1550000 0.11852919877579478 
1600000 0.11881766949045415 
1650000 0.11850162589232738 
1700000 0.11888220735435574 
1750000 0.11846696590511072 
1800000 0.11857548580149621 
1850000 0.11847145457780892 
1900000 0.11870724617648079 
1950000 0.11895305693382834 
2000000 0.11880273368116108 
2050000 0.1189038885523244 
2100000 0.1190600310006791 
2150000 0.11873681207147838 
2200000 0.1189799253696238 
2250000 0.11903271266166934 
2300000 0.11898506689512167 
2350000 0.11897980521431048 
2400000 0.11940559671789454 
2450000 0.11935140166333875 
2500000 0.11899477163658649 
2550000 0.11916741312921524 
2600000 0.11895532239387649 
2650000 0.11897273916386722 
2700000 0.1189866293210655 
2750000 0.11898298114189433 
2800000 0.11900886975181936 
2850000 0.1193027673217715 
2900000 0.11888610104169016 
2950000 0.11897166289056191 
3000000 0.1189860250671929 
3050000 0.11899112825934971 
3100000 0.11899890509201072 
3150000 0.11862840396164101 
3200000 0.11907160087709602 
3250000 0.11911095167991446 
3300000 0.11885190433936532 
3350000 0.11905833446377144 
3400000 0.11872029378985136 
3450000 0.11906138089669503 
3500000 0.11882720846619034 
3550000 0.1191184935982501 
3600000 0.11911164491439631 
3650000 0.1190512095272124 
3700000 0.11894401402858995 
3750000 0.11914128055012065 
3800000 0.11888281881357199 
3850000 0.11891109643841358 
3900000 0.11908307482519323 
3950000 0.11920622885381543 
4000000 0.11909484265122526 
4050000 0.11878120557036094 
4100000 0.11921140563656389 
4150000 0.11906627258619434 
4200000 0.11895711094588206 
4250000 0.1191256166367641 
4300000 0.1191578703523638 
4350000 0.11900591218670707 
4400000 0.11896482034529769 
4450000 0.11881397324931857 
4500000 0.11902436390019203 
4550000 0.11879320455461419 
4600000 0.11910831399732912 
4650000 0.11912568703321402 
4700000 0.11902345299044499 
4750000 0.11908708984631643 
4800000 0.1190459778706553 
4850000 0.11895275872022022 
4900000 0.11919838911009042 
4950000 0.1190653053733006 
5000000 0.11917640808377224 
5050000 0.11912540846837477 
5100000 0.11901387418330191 
5150000 0.11908383672196017 
