1 0.01666670000000003 0.0 0.0 0.0 0.0 0.0 0.0 0.0 0.0
2 0.05000000000000049 0.0 0.0 0.0 0.0 0.0 0.0 0.0 0.0
3 0.08333329999999965 0.0 0.0 0.0 0.0 0.0 0.0 0.0 0.0
4 0.11666700000000027 0.0 0.0 0.0 0.0 0.0 0.0 0.0 0.0
5 0.1500000000000009 0.0 0.0 0.0 0.0 0.0 0.0 0.0 0.0
6 0.18333300000000133 0.0 0.0 0.0 0.0 0.0 0.0 0.0 0.0
7 0.21666700000000086 0.0 0.0 0.0 0.0 0.0 0.0 0.0 0.0
8 0.25 0.0 0.0 0.0 0.0 0.0 0.0 0.0 0.0
9 0.2833329999999991 0.0 0.0 0.0 0.0 0.0 0.0 0.0 0.0
10 0.3166669999999973 0.0 0.0 0.0 0.0 0.0 0.0 0.0 0.0
11 0.34999999999999637 0.0 0.0 0.0 0.0 0.0 0.0 0.0 0.0
12 0.38333299999999526 0.0 0.0 0.0 0.0 0.0 0.0 0.0 0.0
13 0.4166669999999956 0.0 0.0 0.0 0.0 0.0 0.0 0.0 0.0
14 0.44999999999999496 0.0 0.0 0.0 0.0 0.0 0.0 0.0 0.0
15 0.48333299999999707 0.0 0.0 0.0 0.0 0.0 0.0 0.0 0.0
16 0.5166670000000018 0.0 0.0 0.0 0.0 0.0 0.0 0.0 0.0
17 0.5500000000000062 0.0 0.0 0.0 0.0 0.0 0.0 0.0 0.0
18 0.5833329999999984 0.0 0.0 0.0 0.0 0.0 0.0 0.0 0.0
19 0.6166670000000055 0.0 0.0 0.0 0.0 0.0 0.0 0.0 0.0
20 0.6499999999999948 0.0 0.0 0.0 0.0 0.0 0.0 0.0 0.0
21 0.6833330000000036 0.0 0.0 0.0 0.0 0.0 0.0 0.0 0.0
22 0.7166669999999895 0.0 0.0 0.0 0.0 0.0 0.0 0.0 0.0
23 0.75 0.0 0.0 0.0 0.0 0.0 0.0 0.0 0.0
24 0.7833330000000119 0.0 0.0 0.0 0.0 0.0 0.0 0.0 0.0
25 0.8166669999999961 0.0 0.0 0.0 0.0 0.0 0.0 0.0 0.0
26 0.8500000000000093 0.0 0.0 0.0 0.0 0.0 0.0 0.0 0.0
27 0.8833329999999943 0.0 0.0 0.0 0.0 0.0 0.0 0.0 0.0
28 0.9166670000000037 0.0 0.0 0.0 0.0 0.0 0.0 0.0 0.0
29 0.9499999999999975 0.0 0.0 0.0 0.0 0.0 0.0 0.0 0.0
30 0.9833330000000067 0.0 0.0 0.0 0.0 0.0 0.0 0.0 0.0
31 1.0166699999999878 0.0 0.0 0.0 0.0 0.0 0.0 0.0 0.0
32 1.0499999999999978 0.0 0.0 0.0 0.0 0.0 0.0 0.0 0.0
33 1.083330000000004 0.0 0.0 0.0 0.0 0.0 0.0 0.0 0.0
34 1.1166699999999994 0.0 0.0 0.0 0.0 0.0 0.0 0.0 0.0
35 1.1499999999999873 0.0 0.0 0.0 0.0 0.0 0.0 0.0 0.0
36 1.1833299999999938 0.0 0.0 0.0 0.0 0.0 0.0 0.0 0.0
37 1.2166700000000124 0.0 0.0 0.0 0.0 0.0 0.0 0.0 0.0
38 1.25 0.0 0.0 0.0 0.0 0.0 0.0 0.0 0.0
39 1.283329999999987 0.0 0.0 0.0 0.0 0.0 0.0 0.0 0.0
40 1.31667000000001 0.0 0.0 0.0 0.0 0.0 0.0 0.0 0.0
41 1.3500000000000143 0.0 0.0 0.0 0.0 0.0 0.0 0.0 0.0
42 1.3833300000000006 0.0 0.0 0.0 0.0 0.0 0.0 0.0 0.0
43 1.416669999999986 0.0 0.0 0.0 0.0 0.0 0.0 0.0 0.0
44 1.450000000000014 0.0 0.0 0.0 0.0 0.0 0.0 0.0 0.0
45 1.4833300000000158 0.0 0.0 0.0 0.0 0.0 0.0 0.0 0.0
46 1.516669999999984 0.0 0.0 0.0 0.0 0.0 0.0 0.0 0.0
47 1.5499999999999838 0.0 0.0 0.0 0.0 0.0 0.0 0.0 0.0
48 1.5833300000000172 0.0 0.0 0.0 0.0 0.0 0.0 0.0 0.0
49 1.6166699999999994 0.0 0.0 0.0 0.0 0.0 0.0 0.0 0.0
50 1.6499999999999844 0.0 0.0 0.0 0.0 0.0 0.0 0.0 0.0
51 1.6833299999999825 0.0 0.0 0.0 0.0 0.0 0.0 0.0 0.0
52 1.716670000000015 0.0 0.0 0.0 0.0 0.0 0.0 0.0 0.0
53 1.75 0.0 0.0 0.0 0.0 0.0 0.0 0.0 0.0
54 1.7833299999999845 0.0 0.0 0.0 0.0 0.0 0.0 0.0 0.0
55 1.8166700000000129 0.0 0.0 0.0 0.0 2.18925e-06 8.2672e-08 0.0 0.0
56 1.8500000000000076 0.0 0.0 0.0 0.0 1.6891516666666666e-05 7.440480000000002e-07 0.0 0.0
57 1.88332999999999 0.0 0.0 0.0 0.0 7.739461666666668e-05 3.885583333333333e-06 0.0 0.0
58 1.91666999999999 0.0 0.0 0.0 0.0 0.00043849915000000034 2.2321439833333256e-05 0.0 0.0
59 1.950000000000022 0.0 0.0 0.0 0.0 0.0011189978166666666 7.101528083333353e-05 0.0 0.0
60 1.9833300000000176 0.0 0.0 0.0 0.0 0.003212292033333333 0.00021560859583333273 4.4093799999999994e-05 9.92063e-07
61 2.016669999999982 0.0 0.0 0.0 0.0 0.007688480033333332 0.0005734126869999991 0.015319647399999976 0.000357473517499999
62 2.0499999999999767 0.0 0.0 0.0 0.0 0.015692025449999994 0.0013280426816666567 0.03790515733333333 0.0012688500116666563
63 2.0833300000000037 0.0 0.0 0.0 0.0 0.0288816891666667 0.002762483633333332 0.012703354816666682 0.0015843239833333194
64 2.1166700000000214 0.0 0.0 0.0 0.0 0.048754139833333335 0.005262070100000008 0.0003547586833333333 0.0015934179333333188
65 2.150000000000006 0.0 0.0 0.0 0.0 0.0761462986666666 0.009289931066666651 0.02070664768333334 0.002141038566666672
66 2.1833300000000007 0.0 0.0 0.0 0.0 0.11255564399999983 0.015429729000000003 0.059683780833333366 0.003768848499999993
67 2.2166700000000166 1.4694116666666668e-06 4.1336e-08 0.0 0.0 0.1575297733333331 0.02428720133333334 0.05299795933333332 0.005258763166666671
68 2.25 1.9984973333333332e-05 6.200400000000001e-07 0.0 0.0 0.21312923500000008 0.03663401083333333 0.07681882483333331 0.007483796733333324
69 2.2833299999999834 9.838678666666663e-05 3.5548960000000004e-06 0.0 0.0 0.2763778433333332 0.05312276733333329 0.11406348749999981 0.010886246533333354
70 2.316669999999995 0.00046435468333333343 1.781581616666668e-05 0.0 0.0 0.3464314666666669 0.0743989756666667 0.11761176049999987 0.014497673999999999
71 2.3499999999999868 0.0011786573716666671 5.5059547500000126e-05 0.0 0.0 0.4213266266666665 0.10102463483333318 0.10921775816666672 0.01794857333333332
72 2.3833299999999684 0.003137545486666667 0.00015703547766666607 0.0 0.0 0.5023392100000001 0.13367683166666655 0.09104373716666658 0.020907399333333344
73 2.416670000000006 0.006960387533333332 0.00038963291333333247 0.0005120330000000001 9.507279999999999e-07 0.5855928583333331 0.17281257500000005 0.05827025100000002 0.022854511000000022
74 2.450000000000027 0.013436781950000004 0.0008511080850000016 0.003661753666666668 7.93651199999998e-06 0.6700044866666671 0.21883352000000003 0.05552099933333331 0.024761252499999997
75 2.4833300000000187 0.02358192266666666 0.001683201133333336 0.016636950499999997 4.0550614166666745e-05 0.75813416 0.27233442333333363 0.04285046683333328 0.026273165333333293
76 2.516669999999981 0.03771443016666668 0.0030499338833333274 0.05978866649999997 0.00016092104783333282 0.8439197249999997 0.3334986800000001 0.01579163860000001 0.026845385333333346
77 2.5499999999999723 0.05610241566666668 0.005137276600000008 0.15217108849999997 0.0004754464549999989 0.9274533749999992 0.4025095816666667 0.004337715749999999 0.02700675099999994
78 2.5833299999999904 0.07868357633333332 0.008141741049999998 0.3473321566666669 0.0012122603816666652 1.0091088550000007 0.47957217999999935 0.0030703107333333347 0.027123978833333253
79 2.616670000000039 0.10640429333333337 0.01231022916666666 0.6559661116666667 0.0026399223166666684 1.0832584833333327 0.5644458366666673 0.0070187736500000025 0.02739898216666661
80 2.650000000000022 0.13508815666666676 0.01773813749999998 1.07052648 0.0050295966333333275 1.1583014333333341 0.6575259633333331 0.029555544250000013 0.028586462666666625
81 2.6833300000000135 0.1670724366666667 0.024621155999999974 1.5592951833333344 0.00859846225 1.224291483333334 0.7583994516666663 0.19307163500000002 0.03654017600000005
82 2.716670000000018 0.19866409 0.03301025116666666 2.069027733333336 0.013452339999999993 1.2860083666666666 0.8670067833333324 0.9371594383333348 0.07611226683333329
83 2.75 0.2329853266666666 0.04309160066666667 2.5483289666666673 0.01957828983333333 1.3442563499999987 0.9833365550000002 2.713245483333335 0.19350893833333344
84 2.783329999999982 0.2655181666666666 0.054860863500000044 2.9115747000000014 0.026748097166666655 1.3961305333333338 1.1071025499999991 4.776242283333337 0.4052076816666671
85 2.816669999999984 0.29770001666666634 0.06837458533333336 3.196737633333333 0.03480985416666667 1.4436407833333345 1.2381633500000007 5.524923916666665 0.6559902483333335
86 2.849999999999973 0.32631779333333305 0.08353997066666667 3.362880016666669 0.043492519166666646 1.4848249166666658 1.3761725166666656 4.786530283333332 0.8784297349999993
87 2.883329999999954 0.35569527999999995 0.10045970749999998 3.429941399999999 0.05255667300000004 1.5205123999999997 1.5208243666666665 3.5578859833333345 1.0476615333333328
88 2.9166700000000167 0.38220200000000026 0.11906299833333331 3.398495399999998 0.061746526833333315 1.5533057833333344 1.6720317833333347 2.6132221 1.1748509500000002
89 2.95000000000003 0.4064404233333332 0.1393008616666666 3.298980883333334 0.07087239349999998 1.5795898166666653 1.8293327833333362 2.159050049999998 1.2823502999999992
90 2.9833300000000196 0.42875677166666665 0.1611350633333333 3.165763466666666 0.07982878583333339 1.6038659166666653 1.992681016666667 1.9186426833333352 1.3800514999999995
91 3.0166699999999804 0.44934250499999934 0.1845318783333333 2.9880543666666664 0.08847238683333333 1.6222051333333332 2.1616098500000005 1.6186310333333334 1.4643268166666676
92 3.0499999999999696 0.4682382716666671 0.20945428333333296 2.802869350000001 0.09676045966666667 1.640981233333333 2.336290283333336 1.2633670500000014 1.531567116666666
93 3.0833299999999806 0.4860067633333331 0.23589087666666694 2.615419149999999 0.1046641783333334 1.6525660499999995 2.516070716666665 0.9329320566666662 1.5823117166666667
94 3.1166700000000507 0.5020997166666668 0.2637965466666664 2.4343258166666675 0.11218054000000009 1.6631856333333346 2.7009393999999998 0.6816438133333336 1.6201944
95 3.1500000000000328 0.5178456399999999 0.293196261666667 2.261118550000001 0.11931224833333332 1.670411450000001 2.8906043000000006 0.5025198183333331 1.6487226333333342
96 3.1833300000000224 0.5318380966666666 0.324032908333333 2.09992945 0.12607650833333342 1.6749675166666673 3.084832666666668 0.37872308166666685 1.6706798833333318
97 3.216670000000018 0.5439617999999992 0.35623634833333323 1.9438437333333305 0.13246980333333333 1.6745279333333343 3.2830975500000004 0.30155341500000005 1.6885314166666656
98 3.25 0.5547822283333328 0.38976463500000025 1.810267933333333 0.13854778999999984 1.6775971999999981 3.485863966666668 0.25289589999999956 1.7038145999999985
99 3.2833299999999817 0.5657786116666673 0.42466251166666635 1.7047794833333338 0.14438956499999983 1.6723366666666657 3.6921616166666658 0.22928939499999976 1.717956733333333
100 3.316669999999976 0.5755197166666662 0.46088566833333316 1.6004273500000006 0.1499857033333332 1.6643836166666683 3.9016685000000013 0.22142618333333322 1.7318925333333346
101 3.3499999999999637 0.5838410916666668 0.4983749533333336 1.5063714833333337 0.1553594150000001 1.6529618999999993 4.113940799999998 0.22388871499999988 1.7462680833333366
102 3.3833299999999444 0.5928685033333339 0.5372051683333333 1.4203178666666674 0.16052744500000002 1.6374718333333331 4.32842975 0.2476050449999999 1.7624843666666647
103 3.4166700000000234 0.598861395 0.5772044916666667 1.3612211499999978 0.16557853833333327 1.6175912166666662 4.54450998333333 0.28776074666666623 1.7817034999999994
104 3.4500000000000295 0.605381654999999 0.6184322449999996 1.3015249833333316 0.17050282833333347 1.5966378333333322 4.761973450000003 0.3335163533333335 1.8044154166666657
105 3.4833300000000196 0.6127339600000002 0.660970815 1.245987916666667 0.17530846833333308 1.5724436999999991 4.980299366666669 0.4057373199999999 1.8325820500000005
106 3.5166699999999804 0.6183321633333336 0.7047235766666665 1.2047378133333342 0.18004435666666688 1.54637945 5.199136233333331 0.5098404266666663 1.8686565166666669
107 3.5499999999999763 0.6223493633333327 0.7495994766666668 1.1700432666666665 0.18473149833333352 1.518817616666666 5.418166133333329 0.6592888916666665 1.9161936000000004
108 3.5833299999999744 0.6284746533333334 0.7957720416666674 1.1331221166666656 0.18935635333333317 1.4948847666666654 5.6378116333333335 0.8867339116666657 1.9813365666666676
109 3.616670000000047 0.6331017700000001 0.8431538266666672 1.1188250316666681 0.19400821666666668 1.4661600166666662 5.857263816666668 1.2501557666666676 2.0748949166666675
110 3.6500000000000408 0.6367284233333328 0.8916896099999997 1.0936474800000002 0.19863963833333326 1.440819316666667 6.07691663333333 1.9061027333333356 2.2201833
111 3.683330000000012 0.641319331666667 0.9414721316666684 1.081871485 0.20330525833333332 1.4176008499999995 6.29699455 2.944343066666668 2.4487272833333313
112 3.7166700000000006 0.6438288033333331 0.9923581983333334 1.0715407983333334 0.2080102949999999 1.3948818666666667 6.517482916666668 3.933363083333333 2.7595906499999976
113 3.75 0.6486086200000003 1.0445456166666671 1.076206526666667 0.2128209450000001 1.375197650000002 6.7387760833333346 3.9911161666666644 3.0807024999999992
114 3.783330000000003 0.6503327483333327 1.0978063833333334 1.0755699883333338 0.21771461666666667 1.3562983499999999 6.960925066666673 2.9709312833333352 3.324002083333332
115 3.816669999999994 0.6566208666666669 1.152533383333333 1.077805985000001 0.22270527166666662 1.3389277000000017 7.184110866666668 1.7555596833333342 3.470314799999998
116 3.849999999999957 0.6603446516666667 1.2085367666666669 1.0844001066666669 0.22781456000000005 1.323321566666666 7.408564533333331 1.0674997900000003 3.5608443333333337
117 3.8833299999999644 0.6648762216666668 1.2659048833333333 1.1025439099999992 0.23309965999999988 1.3096258000000005 7.634558616666677 0.8329303350000005 3.6327092000000003
118 3.9166700000000296 0.6699437916666661 1.3247067999999986 1.1185541516666666 0.23855398333333344 1.2963095833333327 7.862111249999998 0.7643554866666668 3.6997947166666667
119 3.950000000000003 0.6752693416666666 1.3849893166666651 1.136911151666668 0.24419253666666638 1.2837131166666673 8.091304783333333 0.7125950716666667 3.76340656666667
120 3.9833300000000205 0.6810857366666667 1.4468217333333335 1.157880808333332 0.25003243666666647 1.2723429166666675 8.32231855 0.6699861999999999 3.824228599999999
121 4.016669999999979 0.688812164999999 1.5104065999999998 1.1839021899999997 0.2561039683333336 1.263222983333333 8.555530700000006 0.649210591666666 3.884154816666665
122 4.050000000000002 0.6939772883333333 1.5755359000000009 1.2132397833333333 0.26242960166666685 1.2543632666666678 8.790966916666656 0.6603250383333333 3.9461230666666682
123 4.083329999999969 0.7022439433333327 1.6425303833333342 1.2374906166666662 0.26898833999999977 1.2434334499999986 9.028209099999994 0.6983415349999995 4.012741716666666
124 4.116670000000028 0.7082131983333328 1.7112016833333352 1.270210616666666 0.27583083833333316 1.2350825333333333 9.267720916666654 0.7809827366666667 4.088465566666665
125 4.150000000000047 0.7153656133333337 1.7816947333333326 1.30942955 0.2829992949999998 1.2252747166666667 9.50919445000001 0.9748354399999988 4.184522216666667
126 4.183329999999992 0.7220015416666664 1.8539887666666663 1.336923516666668 0.29043634166666643 1.2165052166666666 9.752806250000006 1.3698390833333345 4.321677600000005
127 4.216669999999976 0.7299668283333338 1.9282498500000016 1.369068449999999 0.2981740683333334 1.2090035499999996 9.998790350000002 1.9923947333333358 4.524358683333326
128 4.25 0.7364740833333335 2.00436223333333 1.3950192000000012 0.3061835816666668 1.2000043500000002 10.246820166666675 2.6276371666666667 4.795903566666666
129 4.283330000000027 0.7420730316666664 2.0822608333333332 1.4095867166666667 0.31440413 1.1910301833333334 10.496866833333327 2.925589099999999 5.103000583333331
130 4.316670000000013 0.7471596799999988 2.1619190000000024 1.4134587000000003 0.32277613166666685 1.1823852666666665 10.748981000000008 2.7988049166666644 5.401379316666669
131 4.349999999999952 0.752577661666667 2.2433984833333342 1.4096464000000022 0.3312550166666668 1.1744331000000006 11.003281333333332 2.447414416666666 5.666341400000001
132 4.383329999999981 0.7566116949999993 2.3265755500000003 1.3901581666666676 0.33974530833333333 1.166653216666666 11.259781333333343 2.0561452166666654 5.892369166666673
133 4.416670000000034 0.7596882749999994 2.411365416666664 1.3600714999999999 0.34817858 1.158327666666667 11.518340000000002 1.6880636166666656 6.080767799999997
134 4.449999999999982 0.7616256300000002 2.497659350000001 1.324853133333333 0.35651798999999984 1.1497387500000016 11.77887233333333 1.3644903333333345 6.235360483333334
135 4.483330000000021 0.7635842533333328 2.585476466666668 1.2769617000000022 0.364676798333333 1.14307035 12.041787000000001 1.116444 6.363753016666664
136 4.516669999999979 0.7645218233333323 2.674713583333334 1.2372635000000003 0.3726999816666663 1.134319033333333 12.30658016666667 0.9571850300000002 6.475472833333344
137 4.550000000000021 0.7665372016666668 2.7655114999999983 1.1927206683333333 0.3805488733333334 1.1266115166666675 12.573474333333339 0.8661138133333327 6.578061249999994
138 4.5833299999999655 0.7674039983333331 2.8577489499999986 1.1405196233333328 0.38816464166666675 1.1200409833333327 12.842712333333333 0.8394814916666669 6.67895786666667
139 4.6166700000000125 0.7676157433333337 2.951358433333333 1.0948703483333337 0.39558229833333336 1.1126466500000007 13.114075833333331 0.8568285383333335 6.78344223333333
140 4.650000000000052 0.7667239833333336 3.0462147666666697 1.0584925766666677 0.40285739 1.1066539333333332 13.387892833333341 0.9167434749999992 6.8968524833333325
141 4.683329999999976 0.7670705616666674 3.1424786 1.0271651616666662 0.4100187516666669 1.0993031000000004 13.663802500000001 1.0169365233333338 7.0244680000000015
142 4.716669999999957 0.7669921966666666 3.2401079166666635 0.9921506250000008 0.4170348483333333 1.093656216666667 13.942215833333318 1.1572394166666655 7.1717644666666605
143 4.75 0.7676079183333333 3.3392017333333293 0.9696768299999996 0.42398927999999986 1.0867747999999993 14.222800166666662 1.340259799999999 7.344776100000013
144 4.783330000000046 0.7665387100000002 3.4395512500000005 0.9430831250000001 0.43084825333333354 1.0822439666666674 14.506152500000004 1.552664466666667 7.548029449999993
145 4.816670000000028 0.7662862933333331 3.5412707166666664 0.9274797583333346 0.4376880883333334 1.0756812833333345 14.791725666666661 1.7594668833333333 7.781576166666655
146 4.849999999999947 0.7663812033333337 3.644415366666667 0.9216528033333329 0.4445793599999997 1.0700651166666664 15.07975066666667 1.8923170166666647 8.036245500000007
147 4.883329999999995 0.7663375916666669 3.748977083333334 0.9101291466666666 0.4514783483333335 1.066232416666667 15.370702999999994 1.901269749999999 8.295648183333327
148 4.916670000000037 0.7669937849999998 3.855061866666663 0.8973611783333336 0.4583737633333333 1.0618720833333328 15.664438166666665 1.7951644666666642 8.543930016666684
149 4.9499999999999655 0.7667038099999992 3.962549116666669 0.8947601783333338 0.4653426766666671 1.0559375333333332 15.960501500000012 1.6370117499999999 8.773418216666673
150 4.983330000000021 0.7675190416666674 4.071604933333329 0.8938476966666663 0.47239857666666674 1.0533681666666668 16.25983666666668 1.5380998833333328 8.991953916666676
151 5.016669999999979 0.7687429916666668 4.182300799999994 0.8897924816666665 0.479516733333334 1.048956316666666 16.561921500000004 1.5542630333333314 9.215750600000007
152 5.050000000000037 0.7689990649999995 4.294509616666666 0.8966676450000007 0.4867855583333333 1.0456229499999992 16.867063000000005 1.672569616666667 9.459793300000001
153 5.083329999999962 0.7698218000000004 4.408326466666664 0.8965524116666662 0.49414968166666684 1.0427148383333342 17.175381500000018 1.8337687166666663 9.730900283333334
154 5.116669999999999 0.7708151716666658 4.523789699999997 0.9010975866666663 0.5016485216666665 1.04046985 17.48708483333335 1.9735911333333362 10.026517783333345
155 5.150000000000055 0.7713933283333327 4.640849816666669 0.9058684816666678 0.509285571666667 1.038456376666666 17.80225250000002 2.00971186666667 10.331479333333315
156 5.183329999999963 0.7734818349999997 4.759751583333336 0.910880166666666 0.5170646716666664 1.0378153666666672 18.12131650000003 1.9069451666666677 10.624605666666675
157 5.216669999999941 0.775394096666666 4.880484983333331 0.9174258449999995 0.5250007349999997 1.037049094999999 18.444258833333336 1.6812620499999982 10.886376999999998
158 5.25 0.7768806133333338 5.003000799999997 0.9289177999999997 0.5331392533333335 1.0380218550000007 18.771648000000006 1.4182400500000027 11.11002750000001
159 5.283330000000061 0.7794256233333335 5.127483616666669 0.9351220233333328 0.5414364566666673 1.0379341916666667 19.10318133333333 1.2017722333333343 11.301955500000007
160 5.31667000000004 0.7822610083333333 5.254000916666666 0.9454817750000003 0.5499318600000005 1.0384993999999992 19.439090166666666 1.0587446183333322 11.473178000000008
161 5.349999999999943 0.7841360900000006 5.38241673333333 0.9563290400000002 0.5586327050000001 1.0409703383333335 19.78003749999999 0.9720741466666674 11.632366000000003
162 5.383330000000006 0.7877604100000012 5.513038300000004 0.9641109699999992 0.5675140349999998 1.0427455833333328 20.125831833333336 0.9279718449999996 11.786228166666655
163 5.416670000000039 0.7909785800000001 5.645823049999996 0.9738508133333312 0.576596501666667 1.04587005 20.476969166666674 0.9031230199999999 11.937834166666669
164 5.449999999999952 0.7946987816666665 5.780879233333337 0.9829513799999995 0.5858771049999996 1.0477672999999996 20.833093666666656 0.8942320283333335 12.089800333333336
165 5.483330000000021 0.79864398 5.918271433333329 0.9927568700000002 0.5953651883333332 1.0504333333333327 21.194499833333378 0.896895693333333 12.244086999999995
166 5.516669999999979 0.8018826633333335 6.057903133333337 1.0011566883333327 0.6050503133333325 1.054668750000001 21.561790333333327 0.9180532966666669 12.403938000000009
167 5.5500000000000504 0.8048559799999991 6.199750466666665 1.014378186666667 0.6149822333333337 1.0577254666666671 21.934612000000005 0.9649762299999995 12.57400116666667
168 5.583329999999959 0.8090482966666667 6.344055466666671 1.0203564633333344 0.6250930400000007 1.0622962499999995 22.31354966666667 1.042330683333334 12.759905666666691
169 5.616669999999989 0.8129992600000001 6.490801766666659 1.0332037283333322 0.6354538200000005 1.0647019500000006 22.697899333333336 1.1460748833333325 12.966761833333317
170 5.650000000000058 0.8163537399999996 6.639907299999995 1.0442242066666658 0.6460497683333334 1.0689284166666673 23.08836666666666 1.2423601166666656 13.193665166666676
171 5.683329999999953 0.820784971666667 6.791596483333331 1.0531309533333342 0.6568625416666667 1.0728546666666672 23.484905000000015 1.2914888499999966 13.432336166666659
172 5.716669999999928 0.8240874699999997 6.9456876166666675 1.0635650266666667 0.6679108450000002 1.0747331000000004 23.886812833333327 1.2755282833333335 13.670829166666671
173 5.75 0.8272229199999999 7.102174300000006 1.0719263899999996 0.6791763566666666 1.0774839166666672 24.294459999999987 1.211314733333333 13.899966166666667
174 5.783330000000074 0.8315032733333335 7.261299483333337 1.0806034066666674 0.6906650566666668 1.081530333333334 24.70839383333333 1.1285989999999992 14.115937999999991
175 5.816670000000051 0.8355470300000003 7.423047016666663 1.0925231966666658 0.7024147633333335 1.0840356500000008 25.12808699999998 1.0528686133333343 14.319743166666667
176 5.849999999999941 0.8391950366666667 7.587368266666666 1.097671145 0.7143555366666665 1.0871718499999998 25.553833166666653 1.00125697 14.515789833333335
177 5.883330000000015 0.8420695600000004 7.754136416666674 1.1071592566666664 0.7265371866666661 1.0893923500000002 25.9853205 0.9794174183333331 14.709752000000014
178 5.9166700000000425 0.8464043750000008 7.923668249999998 1.1146373149999986 0.7389404816666659 1.0918340499999992 26.42269400000001 0.9826135566666668 14.906557166666666
179 5.949999999999941 0.8497210200000007 8.095787516666679 1.1203646466666677 0.7515483583333331 1.0937718500000002 26.8657885 1.0138897650000003 15.111921499999996
180 5.983330000000021 0.8530806400000001 8.270528483333335 1.127581241666668 0.7643800183333338 1.0951103166666667 27.31441416666669 1.066430606666667 15.33035466666668
181 6.016669999999979 0.8558891883333329 8.447804066666665 1.1283231100000006 0.7773635083333332 1.0975176166666674 27.769048833333326 1.1337460499999985 15.565167333333322
182 6.050000000000061 0.8592447400000008 8.627751549999997 1.1341392150000005 0.7905589483333341 1.0978041333333324 28.228853666666673 1.2124499166666667 15.819074166666669
183 6.083329999999957 0.8619955516666672 8.810270266666665 1.1344520733333332 0.8039039299999997 1.0992024500000013 28.694333000000018 1.290114083333333 16.092231666666677
184 6.116669999999981 0.8647752016666675 8.99538916666667 1.13899051 0.8174495100000004 1.1007940833333336 29.16560799999998 1.3445466000000006 16.380040666666666
185 6.150000000000062 0.8674062016666668 9.18310116666666 1.1413799499999995 0.8311718599999998 1.1012950999999989 29.642250000000004 1.3497548666666679 16.672122833333336
186 6.183329999999943 0.8691891033333328 9.373243066666682 1.1411848333333332 0.8450410366666663 1.1012947833333322 30.124070833333324 1.3205831000000001 16.960997333333342
187 6.216669999999917 0.8722157883333341 9.566109899999999 1.1424856449999992 0.8590761066666659 1.101949800000001 30.61139533333336 1.2724255000000009 17.242345500000013
188 6.25 0.8741219116666675 9.761476616666661 1.1417726083333344 0.8732532183333338 1.1034622666666674 31.104631166666664 1.2433048333333332 17.520214333333325
189 6.283330000000084 0.876321986666666 9.959430183333334 1.1419455099999996 0.8875841216666664 1.1022753000000012 31.602609499999986 1.247260516666667 17.801944999999996
190 6.316670000000059 0.8782711766666668 10.15993526666666 1.1397662333333332 0.9020398366666668 1.1027469499999987 32.10609850000001 1.2834221333333315 18.09492733333332
191 6.3499999999999375 0.8798833483333336 10.362931500000013 1.1348996800000006 0.9165861416666682 1.1021650833333336 32.61464850000003 1.3501729999999996 18.406411166666654
192 6.383330000000024 0.882067965 10.568574999999997 1.1341616499999994 0.9312760766666663 1.10196375 33.1284545 1.4544099333333342 18.74547433333333
193 6.416670000000044 0.8841598549999999 10.776865333333319 1.1337575299999993 0.9461144616666662 1.1014800166666665 33.6474171666667 1.5935718166666681 19.120869166666676
194 6.449999999999931 0.8852899666666652 10.987593333333324 1.1339849333333334 0.9611103666666677 1.1003346666666673 34.17123733333337 1.7470710666666667 19.536713833333355
195 6.483330000000021 0.8882655383333329 11.201221666666662 1.1294827083333332 0.9762015683333323 1.0993154333333341 34.69999600000003 1.863576683333333 19.984882499999987
196 6.516669999999979 0.8892573683333325 11.41729249999999 1.1309876550000009 0.9914686833333335 1.0982634666666673 35.23369516666664 1.8912896333333327 20.44440433333332
197 6.550000000000071 0.8906347666666664 11.635918333333347 1.1240345616666652 1.0067976999999997 1.0974127500000004 35.77245283333328 1.7943333166666684 20.884840333333326
198 6.583329999999956 0.8924552566666661 11.85722716666667 1.1226481066666671 1.0222638999999993 1.0965106 36.316254666666595 1.6059156000000008 21.283053833333355
199 6.616669999999973 0.8934079599999998 12.081019833333334 1.1223105133333318 1.0378821499999995 1.0942744499999981 36.86446016666669 1.394875716666666 21.63244066666666
200 6.650000000000063 0.8944818816666662 12.307346333333328 1.1182216650000005 1.0536008333333333 1.092481833333333 37.417298333333285 1.2198792166666659 21.941088
201 6.683329999999936 0.8960272750000006 12.536340499999994 1.1149679833333328 1.0694316333333336 1.090626700000002 37.974738999999985 1.1044966666666653 22.22334900000001
202 6.716669999999908 0.8979170883333345 12.768114333333322 1.11034348 1.0853542499999986 1.0900422833333332 38.53745416666664 1.0368021216666679 22.49095833333334
203 6.75 0.8979659150000001 13.00220499999998 1.110794580000001 1.101441733333333 1.0876592666666656 39.104528500000015 0.9998271400000006 22.751594333333333
204 6.783330000000094 0.8995415133333332 13.239027500000013 1.1123713950000012 1.1177116500000006 1.0854869999999999 39.676072333333344 0.9835455683333341 23.010519166666658
205 6.816670000000067 0.9005890050000002 13.478464833333332 1.1029400999999999 1.1340021000000002 1.0838099500000007 40.25235499999998 0.9782739000000007 23.270600333333334
206 6.8499999999999375 0.9012682383333335 13.72043249999999 1.1058781833333338 1.150496616666667 1.0819114666666672 40.83326733333335 0.9810458016666662 23.53397116666669
207 6.883330000000027 0.9019637366666672 13.96494633333333 1.1035987466666681 1.167117683333333 1.0803153333333342 41.4189833333333 0.9894227933333328 23.80218316666666
208 6.91667000000004 0.9030190650000011 14.212122833333327 1.0980150400000002 1.183814999999999 1.0777287166666676 42.008969500000006 1.004863656666667 24.077225
209 6.949999999999924 0.9036442466666671 14.46186066666669 1.0975358783333327 1.2006667499999997 1.0754609333333336 42.60340199999992 1.025640801666667 24.360667833333324
210 6.983330000000021 0.9039350433333334 14.714083499999994 1.0981069549999996 1.217688966666666 1.073180083333332 43.20227850000008 1.057450233333333 24.65570766666665
211 7.016669999999979 0.9039754983333327 14.968726833333328 1.0926740766666667 1.2347890166666668 1.0720870333333343 43.80626749999999 1.1004229333333344 24.965677666666664
212 7.050000000000077 0.9049793116666659 15.226086666666646 1.0875636583333341 1.2519715166666674 1.0699089833333326 44.414770666666605 1.1485667999999996 25.292289666666683
213 7.083329999999971 0.9054265583333349 15.486010666666662 1.08627195 1.2692959833333344 1.0668971333333321 45.02731333333333 1.1874478833333328 25.633160333333354
214 7.116669999999986 0.9054489233333332 15.748393000000002 1.0861913016666678 1.286782433333334 1.0655324166666666 45.644844333333324 1.2101198166666653 25.98381433333334
215 7.150000000000044 0.9060353033333335 16.01340966666667 1.0846199566666654 1.3044081166666672 1.0629402499999994 46.26665699999997 1.2100670000000013 26.337748666666702
216 7.18332999999993 0.9063365849999993 16.28099316666665 1.0789826983333337 1.3221055333333316 1.0600443666666663 46.89257083333335 1.194638933333334 26.69043150000002
217 7.2166699999999 0.9069761249999994 16.551260333333346 1.076829871666665 1.3399319833333336 1.0585510666666667 47.52341750000001 1.180489416666667 27.042181833333306
218 7.25 0.9067966200000006 16.823969666666667 1.074337941666666 1.3578820833333345 1.0557706166666656 48.15843599999996 1.172892350000001 27.3949041666667
219 7.283330000000101 0.9079390083333343 17.09954299999999 1.070275413333334 1.3759290499999994 1.0531441833333333 48.797705833333325 1.168944383333334 27.749677666666653
220 7.316670000000072 0.9089015400000007 17.37794166666669 1.0686250116666662 1.394113433333333 1.051857133333333 49.4420568333333 1.1630796499999996 28.105913166666674
221 7.349999999999967 0.9089003149999989 17.658876 1.066596086666667 1.4124291833333344 1.0480946000000007 50.089963666666634 1.156444316666669 28.463344999999997
222 7.383330000000001 0.9082890450000001 17.9421773333333 1.0620252833333326 1.430832133333333 1.0471506999999998 50.74317416666666 1.1476805666666672 28.82130033333334
223 7.416670000000011 0.9096228816666668 18.228461833333316 1.0573898133333344 1.4493206500000009 1.0449773333333334 51.40092683333336 1.1396122333333336 29.17994949999999
224 7.449999999999917 0.9101079399999994 18.51747966666665 1.0510156833333333 1.467863099999999 1.0423412166666668 52.06292816666666 1.131870800000001 29.53937299999999
225 7.483330000000022 0.9110783416666666 18.809399166666672 1.0515726550000015 1.486581916666668 1.040240249999999 52.729525500000015 1.121924733333334 29.898834500000024
226 7.516669999999978 0.9120060516666665 19.10422533333334 1.0473878583333347 1.5053923333333314 1.0386184999999992 53.40102050000007 1.1103803166666668 30.25777166666668
227 7.550000000000085 0.9120087766666652 19.40167366666666 1.0435322066666652 1.524300583333333 1.0371284166666663 54.077518499999954 1.0956286666666655 30.61509033333334
228 7.5833299999999975 0.9122122866666672 19.70182350000001 1.0373380483333328 1.5432624833333328 1.0350440999999997 54.75862833333326 1.0780772 30.96979716666663
229 7.61667000000001 0.9133555183333338 20.004993000000002 1.0296726199999997 1.5622504999999995 1.0331158166666674 55.444460833333274 1.0612996833333332 31.32205783333334
230 7.650000000000018 0.9137161700000004 20.310946666666677 1.031185670000001 1.581433033333332 1.031293549999999 56.13508583333336 1.0441907433333333 31.671682166666674
231 7.683329999999923 0.9149438216666668 20.619982 1.028063358333334 1.600724566666665 1.030302990000001 56.83107550000003 1.0340203166666664 32.02092499999999
232 7.716669999999895 0.9155795116666663 20.931925499999977 1.0215426266666678 1.6200605666666668 1.0289468416666658 57.53219183333332 1.0293625666666673 32.37161466666666
233 7.75 0.9166896766666663 21.246949166666653 1.0208589716666674 1.6395506500000014 1.0271634349999985 58.23815549999997 1.035684378333333 32.727517500000026
234 7.783330000000107 0.9179879466666659 21.56513883333333 1.0144520883333337 1.6590854000000004 1.0248627149999996 58.948608500000006 1.0511378500000002 33.091841833333355
235 7.816670000000078 0.9188912349999993 21.886375666666677 1.0104500266666663 1.6787102333333321 1.0242602299999997 59.664736666666634 1.0738570666666662 33.46723599999999
236 7.8499999999999925 0.9191487316666664 22.210450999999978 1.0080675366666667 1.6984562333333322 1.022773613333334 60.38593799999999 1.0938890333333335 33.852902166666695
237 7.8833299999999795 0.92013256 22.537631000000026 1.0034190200000013 1.7182783666666674 1.0221902116666657 61.11286466666671 1.099857816666667 34.24397066666665
238 7.916669999999986 0.920988538333334 22.867892999999988 0.9994347349999989 1.738189016666668 1.0210255499999994 61.845115999999955 1.0917649833333345 34.63545183333333
239 7.9499999999999105 0.922798235 23.20159383333333 0.9965647633333341 1.758210416666667 1.020374618333334 62.58307483333331 1.0608955 35.01907733333331
240 7.983330000000022 0.9235650050000004 23.538381333333316 0.9931889216666667 1.7783310833333315 1.0193928 63.32651683333342 1.0232789299999996 35.392207166666665
241 8.016669999999978 0.9239695166666673 23.878133000000002 0.9900897450000008 1.798557016666668 1.0178518949999997 64.07504949999999 0.9873775866666682 35.75525866666664
242 8.050000000000091 0.925007933333333 24.221104833333342 0.9895501600000002 1.818940116666665 1.0176806499999993 64.82969066666668 0.964734203333334 36.11293983333332
243 8.083330000000021 0.9269573966666669 24.56764816666667 0.9854878783333348 1.8394084833333344 1.0163594600000003 65.5896091666666 0.9535571733333319 36.469413333333335
244 8.116669999999983 0.9271339733333334 24.917124333333316 0.9854908933333332 1.8600460166666657 1.0167246883333334 66.35608183333335 0.95274849 36.82852500000005
245 8.149999999999993 0.9277643366666668 25.269718 0.9828446383333337 1.8807974500000009 1.0159851666666662 67.12830216666667 0.9563824983333334 37.19197383333332
246 8.18332999999992 0.9296680950000007 25.625928166666657 0.9790999566666673 1.9016390000000005 1.0157394133333335 67.90666233333327 0.9642264533333321 37.561409500000025
247 8.216669999999889 0.9305807633333326 25.985396500000007 0.9780602149999996 1.9226286833333328 1.0151666466666667 68.69093600000002 0.9730801100000012 37.937279499999995
248 8.25 0.9322566433333329 26.34844566666667 0.9725883366666667 1.9436707833333329 1.0150882849999991 69.48152216666666 0.9877619666666669 38.3219238333333
249 8.283330000000113 0.9331371916666659 26.7147763333333 0.9762933566666675 1.9649634666666669 1.0152986583333339 70.27867599999998 1.0000702066666678 38.714512666666735
250 8.316670000000082 0.9344163050000005 27.08456750000001 0.9738729166666655 1.9863752166666646 1.0151582133333343 71.08214833333336 1.0179910266666656 39.11735950000001
251 8.350000000000014 0.9357228200000011 27.45785233333331 0.9724781399999991 2.0079281333333316 1.0144989450000002 71.89154833333328 1.0408069016666672 39.5325455
252 8.383330000000006 0.9369188283333335 27.834600833333365 0.9693979583333338 2.0295840333333333 1.0149531016666664 72.70778916666674 1.0666317500000002 39.96143316666665
253 8.416669999999963 0.9386849499999989 28.21506983333331 0.9711858083333333 2.0514530999999994 1.0146289700000004 73.53026899999999 1.0982590666666665 40.40655716666665
254 8.449999999999905 0.9397854850000005 28.59900666666669 0.9702507016666664 2.073474333333332 1.0142026933333337 74.35893000000006 1.1305674666666676 40.868414499999965
255 8.483330000000022 0.9406705466666657 28.986342666666673 0.9701526266666664 2.0956677166666657 1.0144216999999998 75.19432016666666 1.1609531333333345 41.346434166666626
256 8.516669999999978 0.9421581450000004 29.377349833333344 0.9688094900000003 2.1180047833333333 1.0140385199999997 76.03597166666668 1.1813232166666667 41.83666866666667
257 8.550000000000095 0.9434583883333331 29.77196500000002 0.9720453866666674 2.140592283333333 1.0148219983333335 76.88487833333339 1.1889833333333337 42.33395349999996
258 8.583330000000043 0.9454829383333339 30.17051616666666 0.9710395750000002 2.163332650000002 1.0146801400000003 77.74029800000002 1.1868730166666677 42.83423483333329
259 8.616670000000003 0.9465731533333341 30.572631833333343 0.9734771066666668 2.186307333333332 1.0148276899999997 78.60250066666664 1.1791376166666672 43.335121833333375
260 8.649999999999974 0.9477785566666674 30.97838016666667 0.9732200249999992 2.2094540499999984 1.0147487299999998 79.47131733333336 1.1689072333333335 43.835516000000055
261 8.683329999999915 0.9497075000000001 31.38809283333334 0.9732948866666671 2.232781416666667 1.0155982916666664 80.34757866666665 1.1628887166666664 44.337174166666685
262 8.716669999999882 0.9502375183333353 31.801192499999978 0.9747483650000015 2.256323016666666 1.0147458366666666 81.22983433333339 1.1531857000000003 44.83847466666668
263 8.75 0.952511488333333 32.21845050000002 0.9750115383333353 2.2800516333333354 1.015149301666668 82.11920933333339 1.146879766666667 45.34085249999997
264 8.783330000000118 0.9538778383333336 32.639492666666676 0.9771089233333335 2.304012933333333 1.0150879149999996 83.01531949999998 1.1398896333333337 45.84398199999999
265 8.816670000000087 0.9547536116666663 33.064133333333345 0.976988978333334 2.3281535333333343 1.0148267983333328 83.91800983333327 1.131016483333334 46.34698949999998
266 8.850000000000033 0.9569760433333326 33.49298399999993 0.9801299349999999 2.352555033333334 1.0144119316666673 84.82716616666664 1.1176409166666672 46.847813833333305
267 8.883329999999987 0.9583155416666664 33.925676499999966 0.9807655583333337 2.3771568666666636 1.014592933333333 85.74334633333326 1.0979548499999998 47.343531666666735
268 8.916669999999945 0.9596003500000007 34.362205833333334 0.9813553800000003 2.4019585000000014 1.0143170533333326 86.66616716666665 1.0741304833333352 47.83213866666667
269 8.9499999999999 0.9610237916666667 34.80265749999998 0.9822151949999997 2.4269675999999976 1.0139159850000004 87.59553150000002 1.048273499999999 48.312555666666675
270 8.983330000000022 0.9629139733333338 35.24727183333332 0.9816621150000001 2.452149000000001 1.0143489416666658 88.5322305000001 1.0243519633333342 48.785514833333345
271 9.016669999999978 0.9646427233333327 35.695990666666624 0.9836847416666672 2.4775701833333335 1.0134510550000009 89.47505999999993 1.004755703333335 49.25287199999998
272 9.0500000000001 0.9657922933333333 36.148575666666645 0.988128141666666 2.5032952999999996 1.0139431349999994 90.42533450000008 0.9912403383333329 49.71735750000002
273 9.083330000000062 0.9672782899999999 36.6052008333333 0.9862930149999976 2.529162116666666 1.0137430450000002 91.38243066666661 0.9841419066666662 50.18192100000001
274 9.11667000000002 0.9690386333333327 37.06602283333333 0.9905226150000008 2.555330916666666 1.0132427166666667 92.3460904999999 0.9819425150000001 50.64885583333328
275 9.149999999999956 0.9705640183333333 37.53094683333333 0.988428018333333 2.5816358166666644 1.0132040050000004 93.31677416666673 0.986443483333332 51.12136866666671
276 9.18332999999991 0.9715727566666665 37.999754166666676 0.9871259650000007 2.608097633333336 1.0136140600000005 94.2949368333332 0.9933153483333335 51.60064333333334
277 9.216669999999878 0.97296857 38.47265083333332 0.9908751766666666 2.6348530833333323 1.0132225350000004 95.27983650000012 1.0049682899999994 52.089068000000076
278 9.25 0.9747710566666672 38.949854 0.9920007833333322 2.6618329999999997 1.0135084566666648 96.27214933333339 1.0185443766666673 52.5876785
279 9.283330000000124 0.9761290100000001 39.43117849999999 0.9914899016666665 2.6889943500000015 1.014040623333334 97.27215216666676 1.0310703733333344 53.09606633333332
280 9.31667000000009 0.9776127666666671 39.91669433333332 0.9911718516666665 2.7163415333333374 1.013650456666667 98.27895866666672 1.037557201666666 53.611327500000016
281 9.350000000000051 0.9788238449999989 40.406298666666665 0.9910253899999998 2.7438812499999994 1.0141177933333325 99.29345583333335 1.0422917649999985 54.132655833333324
282 9.383329999999969 0.9796187399999997 40.89980083333334 0.9957579366666678 2.7717499000000023 1.0144248200000008 100.31548799999999 1.0363158533333328 54.654695666666605
283 9.416669999999927 0.981125805 41.39758083333334 0.9932488866666666 2.799745766666667 1.0140948933333327 101.34450000000001 1.02355833 55.173981833333386
284 9.449999999999896 0.9818821016666677 41.899279333333325 0.9933410683333324 2.827943300000003 1.0147375850000002 102.38142333333327 1.0073756916666685 55.68867733333334
285 9.483330000000022 0.9833173616666668 42.40525983333331 0.9909960716666677 2.85627301666667 1.0148992883333343 103.42586666666669 0.9885907949999997 56.19734883333334
286 9.516669999999978 0.984756531666666 42.915549333333296 0.991257071666667 2.884809500000004 1.015295691666666 104.47808333333329 0.9736356200000009 56.70185216666666
287 9.550000000000104 0.9851379600000005 43.429619333333385 0.9897527283333329 2.913502866666667 1.0156118483333347 105.53799666666669 0.9625582116666668 57.20411516666665
288 9.58333000000008 0.9867399449999995 43.948124166666645 0.9913049616666655 2.942442116666667 1.0149982249999991 106.6047033333333 0.955894256666667 57.70638849999997
289 9.616670000000038 0.9870532533333325 44.47041333333335 0.9903469266666671 2.9715549000000014 1.0156497666666675 107.67951333333332 0.9543767349999992 58.211360333333374
290 9.64999999999994 0.9881064250000012 44.99688699999997 0.9878265700000005 3.0007953333333304 1.015464276666667 108.7615616666668 0.9539500066666666 58.719611333333255
291 9.683329999999907 0.9892558949999998 45.52761833333331 0.9867626233333323 3.0302062000000003 1.0157828316666657 109.851475 0.9552072450000001 59.23205266666674
292 9.716669999999873 0.9897861766666669 46.062301 0.9877624016666664 3.059849966666667 1.0163798616666662 110.94952666666671 0.9585559199999997 59.74984016666665
293 9.75 0.9904599383333336 46.601022499999985 0.9851851716666672 3.0896196500000017 1.0163804850000002 112.05514499999995 0.9620052950000008 60.27305733333337
294 9.783330000000127 0.9914274750000001 47.14396483333334 0.9856831316666654 3.1196081833333356 1.0169505400000007 113.16895166666676 0.9658542000000006 60.80196683333338
295 9.816670000000094 0.9914949233333342 47.6906485 0.9845557983333332 3.149767283333337 1.016757111666667 114.29016333333328 0.9716050499999999 61.33766249999998
296 9.850000000000069 0.9925390633333336 48.24162999999998 0.9818731333333327 3.1800486166666673 1.0165944166666683 115.41880666666677 0.9763045633333332 61.87960650000001
297 9.883329999999955 0.9934191599999993 48.79684066666667 0.9828529549999998 3.2105655666666664 1.0168804783333343 116.55543166666654 0.9804065283333327 62.42752066666665
298 9.916669999999911 0.993830653333333 49.356034833333375 0.9825100483333328 3.2412780000000008 1.017053968333333 117.69992833333323 0.9857663283333331 62.98214833333334
299 9.949999999999893 0.9942679033333329 49.919245666666676 0.9797026916666658 3.2721094 1.0168898033333338 118.85194499999996 0.9893290716666665 63.542530499999984
300 9.983330000000022 0.9947192766666666 50.48648483333334 0.9767739450000003 3.303054083333333 1.0174465250000004 120.01231000000007 0.9905089483333336 64.107347
