5200000 0.11883649257068445 
5250000 0.1190988758398306 
5300000 0.11925253874590257 
5350000 0.11911200344545131 
5400000 0.11913395629696913 
5450000 0.11918043355551117 
5500000 0.11880333542933769 
5550000 0.11919144562198813 
5600000 0.11908669195017747 
5650000 0.11887095654646795 
5700000 0.11887025165614416 
5750000 0.11924983830879556 
5800000 0.11915573673732709 
5850000 0.11904927840245633 
5900000 0.11909308301486764 
5950000 0.11922227835783014 
6000000 0.11917734186526906 
6050000 0.11930715038517592 
6100000 0.11909057029959183 
6150000 0.11891896231122918 
6200000 0.1189586111237433 
6250000 0.11926155127015255 
6300000 0.11904741307328151 
6350000 0.11901283709878938 
6400000 0.11900054063293261 
6450000 0.1193754599218868 
6500000 0.11914361790136621 
6550000 0.11906985475302694 
6600000 0.11918296136683125 
6650000 0.1189224523933488 
6700000 0.1191101614446081 
6750000 0.11927741080222037 
6800000 0.11930552093000645 
6850000 0.1191283481068847 
6900000 0.11944683085577419 
6950000 0.11907236341782924 
7000000 0.11915234637046589 
7050000 0.11928617573768874 
7100000 0.11907847391804069 
7150000 0.11924095103980573 
7200000 0.11916649471556874 
7250000 0.11932483044810017 
7300000 0.11894096317714101 
7350000 0.11940657721846229 
7400000 0.11936823582518434 
7450000 0.11934712396352631 
7500000 0.11910109834191175 
7550000 0.11915817702924772 
7600000 0.11901871091931106 
7650000 0.11898803779728746 
7700000 0.11896298796509636 
7750000 0.11916564401787394 
7800000 0.11920874214669244 
7850000 0.11917158791425515 
7900000 0.11913749813066446 
7950000 0.11914407173719929 
8000000 0.11931698239796208 
8050000 0.11909648313041793 
8100000 0.11900304053131952 
8150000 0.11927885222148969 
