0 0.14377862646576017 
2320 0.14377862646576017 
50000 0.14377862646576017 
100000 0.14377862646576017 
150000 0.14377862646576017 
200000 0.14377862646576017 
250000 0.14377862646576017 
300000 0.14377862646576017 
350000 0.14377862646576017 
400000 0.14377862646576017 
450000 0.14377862646576017 
500000 0.14377862646576017 
550000 0.14377862646576017 
600000 0.14377862646576017 
650000 0.14377862646576017 
700000 0.14377862646576017 
750000 0.14377862646576017 
800000 0.14377862646576017 
850000 0.14377862646576017 
900000 0.14377862646576017 
950000 0.14377862646576017 
1000000 0.14377862646576017 
1050000 0.14377862646576017 
1100000 0.14377862646576017 
1150000 0.14377862646576017 
1200000 0.1189567248307803 
1250000 0.1186984145549232 
1300000 0.1187585954551771 
1350000 0.11886706779318659 
1400000 0.11885083468213047 
1450000 0.11867908123642854 
1500000 0.11907160650560848 
1550000 0.11882243164252268 
1600000 0.11898613873911326 
1650000 0.11864511562735672 
1700000 0.11917930352431369 
1750000 0.11902103442775222 
1800000 0.11927004140216421 
1850000 0.11906188524592208 
1900000 0.11895318498622802 
1950000 0.1191556460751464 
2000000 0.11888247267951746 
2050000 0.11891158861213018 
2100000 0.11891232248993903 
2150000 0.11905244914868432 
2200000 0.11883615211184077 
2250000 0.11893579701520787 
2300000 0.1190951512459475 
2350000 0.11871379655813674 
2400000 0.11913550363734308 
2450000 0.11897192918105089 
2500000 0.11933027316245316 
2550000 0.11879643368812308 
2600000 0.11874459998266663 
2650000 0.11913086896492531 
2700000 0.1188061851929857 
2750000 0.11921054724239163 
2800000 0.11900044688983083 
2850000 0.11905335948100976 
2900000 0.11894252380017208 
2950000 0.11896248483654377 
3000000 0.11905724600923925 
3050000 0.11917070226302974 
3100000 0.11909669666517883 
3150000 0.1190663633626354 
3200000 0.11888625226684608 
3250000 0.11911686393911103 
3300000 0.11914816452244334 
3350000 0.11884571650208593 
3400000 0.11897520261872718 
3450000 0.1192631255839624 
3500000 0.11882713526151836 
3550000 0.11937441247370088 
3600000 0.11914911851729855 
3650000 0.11901915727844024 
3700000 0.11926871417576639 
3750000 0.11925229777999881 
3800000 0.11889489639725365 
3850000 0.11933679822492241 
3900000 0.11917032888480475 
3950000 0.11893381756279546 
4000000 0.11911585605763832 
4050000 0.11914418011378661 
4100000 0.1190930705148104 
4150000 0.11921075100116646 
4200000 0.11882812846490899 
4250000 0.11930480569579785 
4300000 0.11931201513316084 
4350000 0.11920936683020304 
4400000 0.11893692754691267 
4450000 0.11890844558333973 
4500000 0.11897012878424332 
4550000 0.11902058937826096 
4600000 0.1189944366651568 
4650000 0.11922479817603393 
4700000 0.11908259525617831 
4750000 0.11913988495645761 
4800000 0.11893045804825925 
4850000 0.11879788334102385 
4900000 0.11919153629001285 
4950000 0.11898417324759818 
5000000 0.1189999028424192 
5050000 0.11894566897695742 
5100000 0.1191119911092315 
5150000 0.11914332382331864 
