1 0.01666670000000003 0.0 0.0 0.0 0.0 0.0 0.0 0.0 0.0
2 0.05000000000000049 0.0 0.0 0.0 0.0 0.0 0.0 0.0 0.0
3 0.08333329999999965 0.0 0.0 0.0 0.0 0.0 0.0 0.0 0.0
4 0.11666700000000027 0.0 0.0 0.0 0.0 0.0 0.0 0.0 0.0
5 0.1500000000000009 0.0 0.0 0.0 0.0 0.0 0.0 0.0 0.0
6 0.18333300000000133 0.0 0.0 0.0 0.0 0.0 0.0 0.0 0.0
7 0.21666700000000086 0.0 0.0 0.0 0.0 0.0 0.0 0.0 0.0
8 0.25 0.0 0.0 0.0 0.0 0.0 0.0 0.0 0.0
9 0.2833329999999991 0.0 0.0 0.0 0.0 0.0 0.0 0.0 0.0
10 0.3166669999999973 0.0 0.0 0.0 0.0 0.0 0.0 0.0 0.0
11 0.34999999999999637 0.0 0.0 0.0 0.0 0.0 0.0 0.0 0.0
12 0.38333299999999526 0.0 0.0 0.0 0.0 0.0 0.0 0.0 0.0
13 0.4166669999999956 0.0 0.0 0.0 0.0 0.0 0.0 0.0 0.0
14 0.44999999999999496 0.0 0.0 0.0 0.0 0.0 0.0 0.0 0.0
15 0.48333299999999707 0.0 0.0 0.0 0.0 0.0 0.0 0.0 0.0
16 0.5166670000000018 0.0 0.0 0.0 0.0 0.0 0.0 0.0 0.0
17 0.5500000000000062 0.0 0.0 0.0 0.0 0.0 0.0 0.0 0.0
18 0.5833329999999984 0.0 0.0 0.0 0.0 0.0 0.0 0.0 0.0
19 0.6166670000000055 0.0 0.0 0.0 0.0 0.0 0.0 0.0 0.0
20 0.6499999999999948 0.0 0.0 0.0 0.0 0.0 0.0 0.0 0.0
21 0.6833330000000036 0.0 0.0 0.0 0.0 0.0 0.0 0.0 0.0
22 0.7166669999999895 0.0 0.0 0.0 0.0 0.0 0.0 0.0 0.0
23 0.75 0.0 0.0 0.0 0.0 0.0 0.0 0.0 0.0
24 0.7833330000000119 0.0 0.0 0.0 0.0 0.0 0.0 0.0 0.0
25 0.8166669999999961 0.0 0.0 0.0 0.0 0.0 0.0 0.0 0.0
26 0.8500000000000093 0.0 0.0 0.0 0.0 0.0 0.0 0.0 0.0
27 0.8833329999999943 0.0 0.0 0.0 0.0 0.0 0.0 0.0 0.0
28 0.9166670000000037 0.0 0.0 0.0 0.0 0.0 0.0 0.0 0.0
29 0.9499999999999975 0.0 0.0 0.0 0.0 0.0 0.0 0.0 0.0
30 0.9833330000000067 0.0 0.0 0.0 0.0 0.0 0.0 0.0 0.0
31 1.0166699999999878 0.0 0.0 0.0 0.0 0.0 0.0 0.0 0.0
32 1.0499999999999978 0.0 0.0 0.0 0.0 0.0 0.0 0.0 0.0
33 1.083330000000004 0.0 0.0 0.0 0.0 0.0 0.0 0.0 0.0
34 1.1166699999999994 0.0 0.0 0.0 0.0 0.0 0.0 0.0 0.0
35 1.1499999999999873 0.0 0.0 0.0 0.0 0.0 0.0 0.0 0.0
36 1.1833299999999938 0.0 0.0 0.0 0.0 0.0 0.0 0.0 0.0
37 1.2166700000000124 0.0 0.0 0.0 0.0 0.0 0.0 0.0 0.0
38 1.25 0.0 0.0 0.0 0.0 0.0 0.0 0.0 0.0
39 1.283329999999987 0.0 0.0 0.0 0.0 0.0 0.0 0.0 0.0
40 1.31667000000001 0.0 0.0 0.0 0.0 0.0 0.0 0.0 0.0
41 1.3500000000000143 0.0 0.0 0.0 0.0 0.0 0.0 0.0 0.0
42 1.3833300000000006 0.0 0.0 0.0 0.0 0.0 0.0 0.0 0.0
43 1.416669999999986 0.0 0.0 0.0 0.0 0.0 0.0 0.0 0.0
44 1.450000000000014 0.0 0.0 0.0 0.0 0.0 0.0 0.0 0.0
45 1.4833300000000158 0.0 0.0 0.0 0.0 0.0 0.0 0.0 0.0
46 1.516669999999984 0.0 0.0 0.0 0.0 0.0 0.0 0.0 0.0
47 1.5499999999999838 0.0 0.0 0.0 0.0 0.0 0.0 0.0 0.0
48 1.5833300000000172 0.0 0.0 0.0 0.0 0.0 0.0 0.0 0.0
49 1.6166699999999994 0.0 0.0 0.0 0.0 0.0 0.0 0.0 0.0
50 1.6499999999999844 0.0 0.0 0.0 0.0 0.0 0.0 0.0 0.0
51 1.6833299999999825 0.0 0.0 0.0 0.0 0.0 0.0 0.0 0.0
52 1.716670000000015 0.0 0.0 0.0 0.0 0.0 0.0 0.0 0.0
53 1.75 0.0 0.0 0.0 0.0 0.0 0.0 0.0 0.0
54 1.7833299999999845 0.0 0.0 0.0 0.0 0.0 0.0 0.0 0.0
55 1.8166700000000129 0.0 0.0 0.0 0.0 0.0 0.0 0.0 0.0
56 1.8500000000000076 0.0 0.0 0.0 0.0 2.9545300000000003e-05 1.1574080000000004e-06 0.0 0.0
57 1.88332999999999 0.0 0.0 0.0 0.0 8.556476666666664e-05 4.629631833333334e-06 0.0 0.0
58 1.91666999999999 0.0 0.0 0.0 0.0 0.0003342728000000002 1.868386833333328e-05 0.0 0.0
59 1.950000000000022 0.0 0.0 0.0 0.0 0.0011609069333333338 6.919649116666682e-05 0.0 0.0
60 1.9833300000000176 0.0 0.0 0.0 0.0 0.0033262902166666664 0.00021891546766666616 2.9367883333333334e-05 6.613753333333333e-07
61 2.016669999999982 0.0 0.0 0.0 0.0 0.00767464523333333 0.0005760582033333323 0.015165106766666681 0.0003535052378333323
62 2.0499999999999767 0.0 0.0 0.0 0.0 0.015703506100000004 0.0013311845233333224 0.03819455283333337 0.0012718263699999894
63 2.0833300000000037 0.0 0.0 0.0 0.0 0.028613369000000007 0.0027522320999999943 0.01267180221666667 0.001586473333333319
64 2.1166700000000214 0.0 0.0 0.0 0.0 0.0485285106666667 0.005240079616666671 0.00022586046666666664 0.001592260499999985
65 2.150000000000006 0.0 0.0 0.0 0.0 0.0765065518333333 0.009286788249999976 0.02001977023333334 0.0021216932666666675
66 2.1833300000000007 0.0 0.0 0.0 0.0 0.11278815366666668 0.015438904666666649 0.060378589166666725 0.003768352449999992
67 2.2166700000000166 4.412903333333333e-06 1.24008e-07 0.0 0.0 0.15876765833333328 0.024365495000000004 0.05307137016666676 0.005260251466666671
68 2.25 1.4267978333333334e-05 5.373680000000001e-07 0.0 0.0 0.2125527766666665 0.03667824100000003 0.07728579733333335 0.007498677499999989
69 2.2833299999999834 0.00011225996666666666 3.885583999999999e-06 0.0 0.0 0.27608035166666656 0.053148232999999975 0.11374986550000005 0.010891536716666669
70 2.316669999999995 0.0004159430383333331 1.665840716666668e-05 0.0 0.0 0.3472027033333333 0.07447032300000009 0.11495829949999994 0.014421285166666659
71 2.3499999999999868 0.0012793356316666662 5.7085013833333364e-05 0.0 0.0 0.42115373666666683 0.10108341583333327 0.11127621416666668 0.017936997833333333
72 2.3833299999999684 0.0031314875133333347 0.00015885424966666616 0.0 0.0 0.5019642266666667 0.13370923833333342 0.09083979683333339 0.02088904499999999
73 2.416670000000006 0.006796741149999996 0.00038595401999999947 0.0007123745000000002 1.3227519999999992e-06 0.5878459133333334 0.1729932283333333 0.059298461833333274 0.022870382833333362
74 2.450000000000027 0.013187168266666655 0.0008388312300000019 0.003466803166666667 7.93651199999998e-06 0.6731579033333338 0.21922774666666664 0.054668180999999996 0.024747693999999976
75 2.4833300000000187 0.022878868333333312 0.0016460812533333356 0.01592044733333334 3.914518950000015e-05 0.7608204883333332 0.27291485333333354 0.04299330666666666 0.026264568499999946
76 2.516669999999981 0.03696928733333337 0.002985739233333328 0.05802674483333334 0.00015596072883333265 0.8452873299999997 0.334174433333333 0.01618031243333334 0.026850841333333347
77 2.5499999999999723 0.05498746916666665 0.005031456633333329 0.15667795149999994 0.0004797867249999979 0.9302161616666672 0.40338639833333323 0.004342488916666662 0.027012372166666587
78 2.5833299999999904 0.07749724716666669 0.007990492683333328 0.34785667166666695 0.0012176754366666643 1.0106810333333343 0.4805641500000004 0.0031915494000000016 0.027134231166666575
79 2.616670000000039 0.10421167183333337 0.012072876666666657 0.6582972183333333 0.0026503391333333325 1.0870940333333339 0.5657331599999993 0.0071077109500000055 0.02741270549999993
80 2.650000000000022 0.13325214050000003 0.0174267105 1.0698052283333324 0.005038276966666661 1.1591352333333333 0.6588745899999999 0.029923939316666655 0.028614905333333322
81 2.6833300000000135 0.16419589166666662 0.024190846333333304 1.5543103166666672 0.008595486100000006 1.2277673999999996 0.7600286016666664 0.19573021166666685 0.03667757733333334
82 2.716670000000018 0.19624438500000002 0.032477307 2.0601622666666684 0.013428284833333344 1.2906050833333333 0.869017771666667 0.9352459650000009 0.0761665023333333
83 2.75 0.22933874666666662 0.04240025733333331 2.5291153500000005 0.01950764799999999 1.3452807333333336 0.9854289916666683 2.710149483333336 0.1934221133333333
84 2.783329999999982 0.26106036999999993 0.05397118966666664 2.916995483333334 0.02669039216666667 1.3992413666666657 1.1094626000000003 4.771655216666666 0.40490425166666644
85 2.816669999999984 0.29184686666666654 0.06721833583333332 3.212198300000002 0.03479063366666666 1.4445474833333334 1.2405976666666663 5.531365599999992 0.6559641166666669
86 2.849999999999973 0.3218040816666667 0.08217307383333333 3.3644143833333353 0.04347668683333334 1.4875320833333356 1.378849933333333 4.792094266666673 0.8786481349999998
87 2.883329999999954 0.34944456500000004 0.09879439033333337 3.4325713333333328 0.052547205833333346 1.5229566833333343 1.5237249833333335 3.5593583666666633 1.0479399166666663
88 2.9166700000000167 0.3758215816666667 0.1170860316666666 3.396872366666668 0.06173218383333335 1.5561633999999993 1.6752013500000016 2.6151731 1.1752164833333338
89 2.95000000000003 0.39947381500000007 0.1369757650000001 3.3115292666666662 0.07089223716666669 1.5828715166666663 1.8328191500000006 2.1662527666666653 1.2830685333333325
90 2.9833300000000196 0.42198216499999947 0.15846371999999978 3.157768466666668 0.07982543616666674 1.6088197999999998 1.9966618333333326 1.9185526500000014 1.3807586166666648
91 3.0166699999999804 0.4426485416666666 0.18151051833333326 3.0072160666666674 0.08852389433333335 1.626022633333333 2.1659773500000004 1.62505975 1.465363933333333
92 3.0499999999999696 0.4610797766666668 0.20605038333333317 2.791816250000002 0.09677876966666675 1.641554116666666 2.3407082833333326 1.2658061333333326 1.5327297166666676
93 3.0833299999999806 0.47920310000000027 0.23211540000000028 2.6235494833333344 0.1047065966666666 1.6563140666666676 2.5208849166666685 0.9373817766666668 1.5837129999999988
94 3.1166700000000507 0.4954785450000004 0.2596514433333334 2.4381752166666653 0.11223441999999989 1.665235233333335 2.7059698166666677 0.678421691666667 1.6214143166666684
95 3.1500000000000328 0.5084685099999998 0.2885170283333337 2.2548441166666637 0.11934589666666665 1.6716242166666668 2.8957603833333296 0.4982083983333332 1.6496959000000007
96 3.1833300000000224 0.5233461366666669 0.3188593649999999 2.119628200000001 0.1261731666666667 1.6793883666666647 3.0904893499999955 0.3792702816666667 1.6716839166666655
97 3.216670000000018 0.5338588500000004 0.35046281666666684 1.9659588166666677 0.1326387716666668 1.6797671833333339 3.2893624833333295 0.2996930083333332 1.6894242000000008
98 3.25 0.5456658416666663 0.3834380316666669 1.8302469500000014 0.13878343833333345 1.6786917499999985 3.492248583333334 0.25154839999999995 1.704624700000001
99 3.2833299999999817 0.5556707683333338 0.4177103149999996 1.7051911166666676 0.14462629499999988 1.6758337999999997 3.6989650000000007 0.22900105000000015 1.7187482666666685
100 3.316669999999976 0.5666835716666668 0.4533750816666668 1.6004782666666661 0.15022229166666673 1.666967300000001 3.9087842333333342 0.22152873166666656 1.7326896833333343
101 3.3499999999999637 0.5743621133333333 0.4902532866666678 1.51247575 0.15561738666666672 1.6542916833333337 4.121214566666665 0.22546470333333332 1.747165366666668
102 3.3833299999999444 0.5826051816666666 0.5284089800000004 1.4312993333333346 0.1608250449999998 1.6406818333333335 4.336110533333335 0.24857049999999978 1.763443883333335
103 3.4166700000000234 0.5897367816666669 0.5677964316666676 1.3591319666666668 0.16586805500000004 1.6228919500000007 4.5528854666666705 0.28912288166666683 1.7827531333333342
104 3.4500000000000295 0.5960764083333331 0.6083878816666658 1.2993777000000006 0.1707838533333335 1.5983266166666659 4.770565350000004 0.34010596666666687 1.8059122666666674
105 3.4833300000000196 0.6031007466666661 0.6502552516666671 1.2563431033333337 0.17562912166666647 1.5761259499999993 4.98938956666666 0.41196051333333356 1.834509266666667
106 3.5166699999999804 0.608310426666666 0.6932961950000004 1.2077321633333333 0.18037653833333359 1.5508924999999996 5.208851349999997 0.515490135 1.8709812499999994
107 3.5499999999999763 0.6138803349999995 0.737558641666667 1.1736717516666675 0.18507787333333336 1.5228042333333336 5.428442500000002 0.6700033999999999 1.9192875833333323
108 3.5833299999999744 0.6186700683333332 0.7830079516666666 1.1467596766666674 0.18975814999999993 1.4965086166666688 5.648313283333335 0.8980908816666664 1.9852608333333346
109 3.616670000000047 0.6236821633333336 0.8296819033333336 1.1163446716666672 0.19439943999999987 1.4702700666666657 5.868366383333329 1.2657253666666652 2.0799779499999986
110 3.6500000000000408 0.6271667600000008 0.8774858766666667 1.103934858333333 0.19907412000000002 1.4437885999999986 6.088457533333326 1.9229764500000002 2.226544099999998
111 3.683330000000012 0.630612553333334 0.9264344483333335 1.0889787100000001 0.20377002666666658 1.4195041499999987 6.308817850000002 2.9650175166666664 2.4566784500000027
112 3.7166700000000006 0.6335590366666666 0.9765056966666672 1.0846334999999998 0.20853230833333317 1.3990169000000006 6.529945633333338 3.9559817333333354 2.7693110166666646
113 3.75 0.6389648400000002 1.0279140483333338 1.079173118333333 0.21335593666666697 1.3800038833333341 6.7519986833333405 4.01628366666667 3.0924274833333336
114 3.783330000000003 0.6423906850000002 1.0805209000000007 1.0810109033333333 0.21827409499999992 1.359934600000001 6.974729883333339 2.992995716666667 3.3375184333333294
115 3.816669999999994 0.6469270049999988 1.1344369500000002 1.0851452199999998 0.22329839833333337 1.3418296666666658 7.198384849999999 1.7765478666666688 3.485571366666665
116 3.849999999999957 0.6504186900000002 1.1895948666666667 1.0952340883333342 0.2284584150000001 1.3266931333333334 7.423396549999998 1.088815098333333 3.5779024500000007
117 3.8833299999999644 0.6548676833333328 1.246096049999999 1.1085766400000001 0.23377212499999986 1.3126236166666676 7.649893899999999 0.8573924516666671 3.6518735500000017
118 3.9166700000000296 0.6591301100000001 1.3039453333333315 1.1223198449999998 0.23924446499999988 1.298802249999999 7.877869749999999 0.78427961 3.720703349999998
119 3.950000000000003 0.664715288333333 1.3632822499999997 1.1454247066666667 0.24492493666666676 1.2872578666666659 8.107681966666668 0.7346184383333327 3.7862772166666696
120 3.9833300000000205 0.6712943650000001 1.4242219999999999 1.1674919650000002 0.2508129466666666 1.2774567333333322 8.339609549999999 0.6925014700000003 3.84913895
121 4.016669999999979 0.6781183733333332 1.4868157666666677 1.1948176483333355 0.256940055 1.2651247666666652 8.573158766666667 0.6787187833333335 3.9117854000000003
122 4.050000000000002 0.6847928599999998 1.5510790333333335 1.2163296999999993 0.26328142000000015 1.2563833666666675 8.808959216666667 0.6850455233333336 3.9760689999999967
123 4.083329999999969 0.6908216083333336 1.6169795833333338 1.249328433333332 0.2699024900000003 1.2462672500000012 9.04672731666668 0.7258823016666661 4.045311166666664
124 4.116670000000028 0.697902813333334 1.6846472000000006 1.281038116666667 0.2768028816666668 1.2369411000000006 9.28658513333332 0.8094786566666663 4.1237930333333335
125 4.150000000000047 0.7045837133333338 1.7540734999999992 1.3132855666666676 0.2839919816666667 1.2284939166666669 9.528678350000003 0.9984228983333325 4.222167866666668
126 4.183329999999992 0.7112459949999996 1.8252864500000021 1.3475772333333351 0.29148777999999975 1.2194329999999984 9.772861616666676 1.3959299833333343 4.361927316666664
127 4.216669999999976 0.718690953333333 1.8983957999999976 1.3765668666666677 0.2992673566666667 1.2109172666666672 10.01921913333333 2.0202771000000004 4.567432166666664
128 4.25 0.7244052333333337 1.9732564333333322 1.3982901166666661 0.30729518000000006 1.203272250000001 10.267904833333336 2.651619500000002 4.841438199999998
129 4.283330000000027 0.73027912 2.04991226666667 1.412924183333334 0.31553474333333303 1.193803916666667 10.518525333333331 2.9501643166666676 5.151096183333337
130 4.316670000000013 0.7353906649999988 2.128311266666671 1.4240685000000017 0.3239690566666665 1.185728516666668 10.771334999999983 2.8230375833333325 5.452039699999997
131 4.349999999999952 0.741194856666667 2.208553483333334 1.4200585333333329 0.3325100050000004 1.178792300000001 11.026561333333326 2.4718424333333333 5.719630100000009
132 4.383329999999981 0.7444582166666666 2.2903892333333324 1.402464049999998 0.34107490666666623 1.1691005500000007 11.283585166666661 2.079788899999999 5.948242166666668
133 4.416670000000034 0.7474524116666665 2.373808400000002 1.373342916666666 0.3495900383333329 1.1597767999999982 11.542453166666665 1.711400083333335 6.139233533333327
134 4.449999999999982 0.7503913949999999 2.4588245833333335 1.331877716666665 0.35797312666666675 1.153348516666666 11.8037845 1.3892784166666656 6.296624933333331
135 4.483330000000021 0.751983976666667 2.5453021666666653 1.292049900000002 0.3662278266666666 1.1450619666666655 12.067142499999997 1.1408909999999994 6.427820166666676
136 4.516669999999979 0.7531455616666662 2.6332062666666696 1.2445250166666673 0.3742975733333332 1.1370171166666683 12.332551000000002 0.9806649083333329 6.542273600000001
137 4.550000000000021 0.75465471 2.7225909666666657 1.1970832333333339 0.38217469333333376 1.1299954833333339 12.600226833333325 0.89145963 6.647856983333333
138 4.5833299999999655 0.7554968066666669 2.8133917333333343 1.149052775000001 0.38984698499999937 1.12365115 12.870317833333335 0.8631495816666658 6.751590883333337
139 4.6166700000000125 0.755795086666666 2.905554333333335 1.1088193666666677 0.397358686666667 1.1162563999999995 13.142545833333331 0.8822845916666665 6.859172283333338
140 4.650000000000052 0.7567838899999996 2.999174716666669 1.0707228516666665 0.4047174216666664 1.1079831500000006 13.416673333333335 0.9441163166666658 6.975961933333335
141 4.683329999999976 0.75625931 3.0940763833333356 1.0322787133333344 0.4119140199999993 1.1023739999999995 13.693336999999993 1.0421604249999994 7.10673455
142 4.716669999999957 0.7553567716666667 3.1902189499999953 1.0042389099999995 0.4190151333333334 1.0960333333333332 13.972337666666663 1.184406183333334 7.257479599999994
143 4.75 0.7561550716666662 3.2878282666666676 0.9770379366666649 0.4260219516666664 1.0894362666666657 14.253595500000007 1.3666876166666657 7.433891883333333
144 4.783330000000046 0.7555682549999999 3.3867355833333335 0.9556495533333333 0.43297185833333346 1.084765383333334 14.537586499999994 1.5797061666666672 7.640671949999996
145 4.816670000000028 0.7550954633333337 3.486963050000001 0.935293083333333 0.43986889666666684 1.07859615 14.8239145 1.787663116666666 7.877946433333335
146 4.849999999999947 0.7553385999999997 3.588615866666669 0.92552423 0.44678864000000007 1.0737534333333338 15.112916833333335 1.924848983333333 8.136976933333331
147 4.883329999999995 0.7554452499999994 3.6916851166666675 0.9124593366666668 0.45370488000000003 1.0684354833333354 15.404454333333343 1.9315978000000003 8.400501350000006
148 4.916670000000037 0.755815868333333 3.7962170333333356 0.9033663383333334 0.4606459299999994 1.063033766666667 15.698489499999996 1.8218534500000014 8.652457799999995
149 4.9499999999999655 0.7564526266666659 3.902260716666668 0.8988389866666665 0.46764616166666667 1.0595408166666682 15.995546666666666 1.6716392833333333 8.886785649999998
150 4.983330000000021 0.7560589966666665 4.009681550000001 0.9002243633333332 0.47475193500000046 1.0554134999999982 16.29544466666666 1.569354016666669 9.109748083333313
151 5.016669999999979 0.7574272166666662 4.118741183333335 0.8971647083333338 0.4819286700000003 1.0522258333333334 16.59845100000001 1.586384616666666 9.338156200000011
152 5.050000000000037 0.7576718749999997 4.229290683333334 0.901504408333332 0.4892361950000003 1.0479546499999994 16.904251333333324 1.7037950833333342 9.586739366666665
153 5.083329999999962 0.759343736666666 4.341551650000001 0.9055441383333341 0.49667368500000075 1.0456268666666662 17.21341533333334 1.8709021500000003 9.863318666666673
154 5.116669999999999 0.7605466233333326 4.455469916666667 0.9105027916666661 0.5042503649999995 1.0423652516666664 17.525667999999996 2.007734233333334 10.164032249999995
155 5.150000000000055 0.7611678766666664 4.5709715333333385 0.9164173816666662 0.5119758533333335 1.0424595499999993 17.842027666666652 2.0437222166666666 10.474136500000009
156 5.183329999999963 0.7636902900000004 4.688360599999998 0.9195018633333334 0.5198280533333337 1.0412269999999997 18.16212249999999 1.939039133333335 10.772176666666667
157 5.216669999999941 0.7644192700000004 4.807378249999999 0.9262107583333333 0.5278395683333335 1.0390396666666668 18.485662833333308 1.709875983333333 11.038385166666668
158 5.25 0.7667103849999997 4.928282850000003 0.9402745400000001 0.5360770499999996 1.03974725 18.813577500000005 1.448751466666666 11.26683283333332
159 5.283330000000061 0.7694099866666672 5.051158716666668 0.9428912883333339 0.5444426749999997 1.040285243333333 19.145837833333324 1.2324270999999989 11.463640999999996
160 5.31667000000004 0.7721704616666668 5.1760364 0.9576794149999993 0.5530470400000005 1.0418516633333337 19.482812000000006 1.0874976333333337 11.63950683333333
161 5.349999999999943 0.7742084216666667 5.302818549999994 0.9619930166666656 0.5617989033333333 1.0436258500000009 19.82460833333334 1.003457100000001 11.803823166666671
162 5.383330000000006 0.7783339883333331 5.431869233333332 0.9715602966666665 0.5707482583333333 1.0454852833333335 20.171289499999993 0.9588171099999998 11.962791000000005
163 5.416670000000039 0.780292673333334 5.562852399999997 0.9785678616666658 0.5798741416666666 1.0474597666666658 20.522941833333363 0.9344479500000008 12.119640666666667
164 5.449999999999952 0.7843778133333331 5.696146366666668 0.9919314583333342 0.5892388850000003 1.0506109666666665 20.88001116666666 0.9239534533333331 12.276648499999995
165 5.483330000000021 0.7878902766666666 5.831680283333334 1.0032277600000006 0.5988264200000001 1.0531978333333334 21.242346833333333 0.9269429199999998 12.436093833333349
166 5.516669999999979 0.7927790316666665 5.969717966666661 1.0126072933333332 0.6086216499999999 1.056537866666667 21.610263833333335 0.9471996566666657 12.601013833333338
167 5.5500000000000504 0.7950231516666665 6.109824616666668 1.0251715366666667 0.6186586449999995 1.060838866666667 21.98415749999998 0.9924828950000005 12.775909499999992
168 5.583329999999959 0.7995828749999997 6.252432349999996 1.0324329900000009 0.6288885233333336 1.0642583666666667 22.363774333333318 1.0711647316666653 12.966944833333336
169 5.616669999999989 0.8033505483333334 6.397428033333335 1.042191956666667 0.639338746666667 1.067163016666667 22.74898483333332 1.1749382333333331 13.178998166666663
170 5.650000000000058 0.8073801633333333 6.544885883333333 1.0503365266666669 0.6499960283333337 1.0704686833333334 23.139990999999977 1.268662866666666 13.410692999999991
171 5.683329999999953 0.8109581133333333 6.694749799999998 1.057895798333333 0.6608570266666661 1.0745491999999999 23.537131666666657 1.3196748833333345 13.654554166666667
172 5.716669999999928 0.8149470099999997 6.847123033333332 1.0703047933333345 0.6719746916666665 1.0776562333333324 23.940107166666685 1.303974 13.898347833333327
173 5.75 0.8188224283333331 7.002011233333339 1.0786270983333337 0.6833098549999991 1.0800833499999996 24.348715499999972 1.2381898833333327 14.132553999999994
174 5.783330000000074 0.8222824616666669 7.159362516666668 1.0917350133333337 0.694916095 1.0837099333333349 24.763457999999975 1.1553637666666654 14.353632000000005
175 5.816670000000051 0.8270010149999997 7.319446066666663 1.0996060916666668 0.7067412683333333 1.0861587666666663 25.18394316666667 1.0797149333333331 14.562623000000006
176 5.849999999999941 0.8304367583333337 7.482042583333335 1.107323218333334 0.7187861983333322 1.0901892666666662 25.610843833333337 1.027101349999999 14.763716166666658
177 5.883330000000015 0.8334807033333334 7.647099733333334 1.1118978849999999 0.7310191733333326 1.0907986333333335 26.042863833333314 1.0063159316666668 14.962992833333326
178 5.9166700000000425 0.837167445 7.814771400000004 1.121892813333333 0.7435024033333331 1.0930731833333334 26.480703833333337 1.014481613333333 15.166165499999995
179 5.949999999999941 0.840972568333333 7.985108150000002 1.1307731599999997 0.7562265783333335 1.0947450166666663 26.924168833333344 1.042407763333333 15.377291333333323
180 5.983330000000021 0.8448634900000006 8.158155549999995 1.1351821899999992 0.7691439016666674 1.0975159166666661 27.37375233333333 1.0948091500000008 15.601523333333331
181 6.016669999999979 0.8471137100000005 8.333602749999997 1.1392191833333332 0.782252 1.0993174666666674 27.82910150000002 1.1611486499999997 15.842000166666654
182 6.050000000000061 0.851027061666666 8.511818433333334 1.1420642250000006 0.7955387999999999 1.1000914499999996 28.2898385 1.2441764333333332 16.102533999999988
183 6.083329999999957 0.8537040916666672 8.692570649999992 1.1451491399999998 0.8090087683333341 1.102195133333333 28.756552833333348 1.3231856166666676 16.382672833333334
184 6.116669999999981 0.8555229016666662 8.875698033333345 1.146280783333333 0.8226401166666678 1.1020386666666653 29.228335833333333 1.3765870333333337 16.677322333333322
185 6.150000000000062 0.8587532199999999 9.06152583333333 1.1486414183333324 0.8364488650000003 1.1033363166666676 29.705831499999967 1.383407383333335 16.97666633333334
186 6.183329999999943 0.8617353249999995 9.25002591666667 1.150985243333333 0.8504361983333328 1.1040645999999996 30.188834499999995 1.3506862666666684 17.27210733333332
187 6.216669999999917 0.8637669766666662 9.441012883333324 1.151740383333332 0.8645839466666665 1.1039671999999996 30.677017999999983 1.306557083333334 17.560984000000012
188 6.25 0.866581480000001 9.634682800000002 1.1479289666666668 0.8788365466666673 1.1043651666666667 31.170630833333338 1.2740593833333322 17.84570566666665
189 6.283330000000084 0.8687915299999995 9.830923183333327 1.1507950733333314 0.8932775466666667 1.1048632500000009 31.66974549999999 1.276112966666666 18.133937166666666
190 6.316670000000059 0.8712866549999997 10.029819933333332 1.1461255333333324 0.9078129483333335 1.103779833333333 32.173676499999985 1.3117517333333315 18.433370333333333
191 6.3499999999999375 0.8732170233333327 10.231268333333341 1.1462091166666677 0.9225032833333338 1.10336255 32.68274449999997 1.3806715666666656 18.751867333333323
192 6.383330000000024 0.87440243 10.435112333333322 1.1428689499999996 0.9373049083333342 1.102979816666667 33.196995000000015 1.4837167999999998 19.097740333333334
193 6.416670000000044 0.8765511400000008 10.64159833333333 1.139784166666667 0.952221325 1.1018389000000008 33.71608999999999 1.622455650000001 19.47991533333333
194 6.449999999999931 0.878321713333333 10.850655000000005 1.139057685 0.9672833566666661 1.101665200000001 34.240512333333356 1.775890800000001 19.902594666666648
195 6.483330000000021 0.8805043499999996 11.062405666666676 1.142093296666667 0.9825420433333337 1.1000562166666679 34.769597166666664 1.8933333333333322 20.35789116666666
196 6.516669999999979 0.8821566449999995 11.276737166666663 1.1340786566666665 0.9978499383333334 1.0997382166666674 35.30397850000003 1.918745666666667 20.824051833333307
197 6.550000000000071 0.8843670566666678 11.493810499999988 1.1328492000000003 1.0132978566666664 1.0990321499999995 35.84349266666664 1.8187734666666662 21.270462500000004
198 6.583329999999956 0.8857567366666654 11.7134405 1.1312584466666669 1.0288817666666665 1.0976292666666678 36.3878203333333 1.6255706333333322 21.673519500000015
199 6.616669999999973 0.8875137083333343 11.935745833333339 1.1279599516666672 1.044578100000001 1.0962168000000005 36.936962666666666 1.4140170833333325 22.027682666666692
200 6.650000000000063 0.8890940166666664 12.160695166666668 1.1252024699999998 1.0603938833333337 1.0940513000000005 37.4905631666667 1.2386976000000005 22.341070666666674
201 6.683329999999936 0.8904047549999992 12.3882395 1.1186401116666673 1.0762753333333324 1.09243825 38.04889550000002 1.1223433833333334 22.627870166666664
202 6.716669999999908 0.8911270083333326 12.61824566666668 1.121986026666667 1.092363966666667 1.0916731666666686 38.61242033333329 1.054135321666666 22.89993866666668
203 6.75 0.8927200650000007 12.850959666666668 1.1187376549999997 1.1085655500000005 1.0883247833333325 39.179804000000026 1.017665431666668 23.16520533333334
204 6.783330000000094 0.8936085266666665 13.086204833333351 1.1150762399999992 1.1248740833333328 1.087930716666667 39.7525995 0.9985212950000006 23.42805833333333
205 6.816670000000067 0.8946007983333337 13.324034999999999 1.11049786 1.141275316666668 1.0853294999999983 40.3296563333333 0.9951838 23.69261566666665
206 6.8499999999999375 0.8953672716666671 13.56439850000001 1.1129462816666666 1.1578739500000017 1.0829204666666672 40.91107333333335 0.9981736149999995 23.96056883333335
207 6.883330000000027 0.8966640183333329 13.807461666666661 1.111107346666667 1.1746069999999995 1.0811382499999997 41.49719833333334 1.005886778333334 24.233225666666666
208 6.91667000000004 0.8976216966666666 14.053151500000004 1.1095775799999998 1.1914790666666661 1.0790235666666665 42.08785733333333 1.020026861666667 24.512399
209 6.949999999999924 0.898375513333333 14.301417999999996 1.1052205199999994 1.2084472833333328 1.0769849166666667 42.68309366666668 1.0421148500000006 24.800374499999975
210 6.983330000000021 0.8987468233333334 14.552173666666661 1.104133721666666 1.2255619500000001 1.07617305 43.2836021666667 1.0733236500000003 25.099829166666694
211 7.016669999999979 0.8993950700000009 14.805514333333328 1.0970382933333334 1.2427294833333349 1.0731284333333333 43.88814400000003 1.1135885833333343 25.413485499999982
212 7.050000000000077 0.899825216666666 15.061390000000005 1.0948044600000002 1.2600250666666655 1.070160683333333 44.49675450000004 1.1615695500000016 25.743775499999984
213 7.083329999999971 0.9008335716666657 15.319982333333346 1.0966394833333322 1.2775137833333328 1.0677160000000003 45.109727499999984 1.2032027166666652 26.08914733333333
214 7.116669999999986 0.9009675833333345 15.581049333333327 1.0925466749999995 1.2951016500000025 1.0659557166666664 45.72746700000002 1.2235008666666674 26.443655166666677
215 7.150000000000044 0.9017176899999989 15.844789166666658 1.0898939349999994 1.3128114333333356 1.0633371500000002 46.349469999999975 1.2243538666666667 26.801743333333324
216 7.18332999999993 0.901975563333333 16.11106883333333 1.0857446866666662 1.3306186999999996 1.0611374833333334 46.975994 1.210632916666666 27.15912599999996
217 7.2166699999999 0.9031956966666674 16.38018933333334 1.085574038333334 1.3485888666666654 1.0591316333333343 47.60714583333334 1.1957661666666677 27.515404499999967
218 7.25 0.9034235433333335 16.651871166666677 1.0825638133333333 1.3666753333333337 1.0570795666666664 48.24290716666668 1.1871033333333327 27.872377000000014
219 7.283330000000101 0.903651765 16.926126666666665 1.0793871033333324 1.3848746333333337 1.054799499999999 48.88314649999996 1.1833961000000004 28.231514000000026
220 7.316670000000072 0.9046309616666666 17.20319633333331 1.0726533050000002 1.4031262833333342 1.051808483333332 49.527424999999994 1.1774374499999998 28.592124333333334
221 7.349999999999967 0.9052572716666673 17.48299099999999 1.066954795 1.421446866666666 1.0500826999999997 50.17652233333333 1.1697443666666678 28.953644666666648
222 7.383330000000001 0.9061778349999995 17.765615166666667 1.0694259533333335 1.4399770666666654 1.0482477000000001 50.83037716666668 1.1593612166666665 29.315214666666684
223 7.416670000000011 0.9064216000000018 18.050875166666646 1.0610355850000015 1.4585280499999995 1.0464036999999993 51.48898666666673 1.1513017166666668 29.677525166666662
224 7.449999999999917 0.9067983466666679 18.33882283333335 1.062474626666667 1.4772713666666668 1.0442446166666661 52.15216016666675 1.141529633333332 30.03999266666668
225 7.483330000000022 0.9075448500000003 18.62959466666665 1.0549495350000004 1.4960488666666671 1.0417072499999995 52.81965283333336 1.1305133666666656 30.402182500000006
226 7.516669999999978 0.9082519449999997 18.923189333333358 1.0546854633333345 1.514989333333333 1.0403760166666667 53.492243833333326 1.1184595333333327 30.76370983333336
227 7.550000000000085 0.909122208333333 19.219675333333324 1.0474819999999994 1.5339679166666667 1.0378881166666671 54.16919583333335 1.1026468166666676 31.123294333333362
228 7.5833299999999975 0.9096781633333338 19.51897383333335 1.0418295466666665 1.5530110000000004 1.0361618166666673 54.850995333333316 1.0842011166666659 31.47999149999999
229 7.61667000000001 0.9109535533333321 19.821329333333317 1.0377778133333329 1.5721474166666674 1.0339781833333337 55.53735850000003 1.064786016666667 31.83338783333331
230 7.650000000000018 0.911755376666665 20.126604999999994 1.036445743333333 1.5914263499999994 1.0320717833333333 56.228463333333345 1.0490533833333338 32.18462000000001
231 7.683329999999923 0.9120109666666667 20.434636166666664 1.0308941533333338 1.610769749999999 1.0307580333333335 56.92471749999998 1.0391304066666656 32.53556400000001
232 7.716669999999895 0.9131126450000001 20.745713999999985 1.0273350066666673 1.630214050000001 1.030196366666666 57.62664166666668 1.0354673566666663 32.888314
233 7.75 0.914202786666667 21.05986816666662 1.0220516116666658 1.6497256499999997 1.0278539000000002 58.33303500000002 1.0426523950000006 33.246585333333314
234 7.783330000000107 0.9154650633333328 21.37716366666668 1.0173671050000002 1.6693152333333334 1.0266763333333346 59.0447023333334 1.056253046666667 33.61266216666668
235 7.816670000000078 0.9154273083333326 21.697172333333313 1.0170881816666668 1.6890678833333324 1.0249923166666666 59.76129983333336 1.078722816666666 33.98973250000001
236 7.8499999999999925 0.9169174249999984 22.020441000000023 1.0103214133333323 1.7088562666666671 1.0240336233333325 60.4833449999999 1.0994501499999996 34.37733466666666
237 7.8833299999999795 0.9179271499999995 22.34681799999999 1.010022535000001 1.7288075833333332 1.0226976049999996 61.210584833333364 1.1066552666666658 34.77079566666668
238 7.916669999999986 0.9194318150000002 22.676499666666672 1.0060273916666664 1.748848566666667 1.0214378983333336 61.943086833333375 1.0959309166666666 35.163745
239 7.9499999999999105 0.9201560816666667 23.009225333333323 1.0013244700000001 1.7689640333333356 1.0204269650000015 62.6810373333333 1.0630713666666667 35.54813216666668
240 7.983330000000022 0.9213411666666669 23.34517916666666 0.9991307916666665 1.7892038166666646 1.0200401666666667 63.4249058333334 1.0275954966666676 35.9228103333333
241 8.016669999999978 0.9223939949999995 23.684332999999977 0.995651081666666 1.809542100000001 1.0193362683333336 64.1744846666667 0.9913466383333338 36.28730133333337
242 8.050000000000091 0.9232606999999994 24.026633833333314 0.9899013983333337 1.829931349999999 1.019042526666668 64.93009200000006 0.9682062116666661 36.646249833333314
243 8.083330000000021 0.9251263166666651 24.372472666666663 0.9875977866666665 1.8504419166666677 1.0179697116666664 65.69116383333332 0.9560775300000002 37.00363916666666
244 8.116669999999983 0.9258094833333345 24.721427333333363 0.9882721149999992 1.8711364666666663 1.0173281016666658 66.45804433333333 0.9548782249999997 37.36353133333335
245 8.149999999999993 0.9272567400000002 25.07380350000001 0.9863451366666663 1.8919601666666672 1.0169800733333332 67.23097499999999 0.9582708466666672 37.72767800000006
246 8.18332999999992 0.9281517949999992 25.429412500000012 0.9824465450000004 1.9128720499999998 1.0161519633333325 68.0096033333333 0.9660347633333335 38.097780500000056
247 8.216669999999889 0.9300386833333331 25.788651000000026 0.9831210250000002 1.9339688000000002 1.016238425 68.79465166666665 0.9753538483333327 38.47450483333335
248 8.25 0.9311054500000006 26.151227833333337 0.9794431466666678 1.9551577833333325 1.0152331866666666 69.5853041666668 0.989135893333333 38.85966133333335
249 8.283330000000113 0.9320409933333333 26.517107999999993 0.9753530150000004 1.9764288333333346 1.0151552283333327 70.38229983333342 1.0021043900000004 39.25302283333334
250 8.316670000000082 0.9337458049999998 26.886609 0.9761255700000002 1.997888533333335 1.0151008716666665 71.18567400000006 1.0204080683333343 39.656801
251 8.350000000000014 0.9347078799999995 27.259465666666685 0.9765288650000005 2.0195295666666695 1.0157766266666663 71.99604116666663 1.0394931133333332 40.07143633333335
252 8.383330000000006 0.9361522033333334 27.635885666666677 0.9773846583333328 2.041362716666667 1.0150779966666663 72.81233149999996 1.0665962666666655 40.50028466666668
253 8.416669999999963 0.937488226666667 28.015845166666665 0.9748255533333334 2.0633123500000004 1.0155806716666664 73.63553150000003 1.098128933333333 40.945330166666636
254 8.449999999999905 0.938946605 28.39941716666667 0.9750037383333338 2.0854399666666663 1.0146876566666665 74.4645348333333 1.1315405166666677 41.40755566666666
255 8.483330000000022 0.9401605449999996 28.786521166666645 0.9775650783333324 2.1078017833333313 1.0146457916666665 75.30006066666668 1.1617076833333322 41.88585449999998
256 8.516669999999978 0.9415452666666668 29.17724650000002 0.9741242650000002 2.130259516666668 1.0154394950000005 76.14282366666662 1.1830479833333345 42.37677733333337
257 8.550000000000095 0.9427265466666669 29.57153016666669 0.9769794583333338 2.1529602500000005 1.0155923366666666 76.99232050000009 1.1892298333333335 42.87413316666669
258 8.583330000000043 0.9443998133333322 29.969601500000024 0.9724468783333333 2.175731999999999 1.0150854133333334 77.84803100000005 1.1881642166666677 43.37492499999998
259 8.616670000000003 0.9456539216666672 30.371300833333365 0.9732890166666662 2.1987006500000015 1.0158660433333329 78.71106000000005 1.1802967833333342 43.8762755
260 8.649999999999974 0.9469319616666663 30.776663000000006 0.9748966466666669 2.221885916666666 1.0154122800000007 79.58039366666668 1.1697850000000003 44.37701350000002
261 8.683329999999915 0.9488702866666663 31.185992166666676 0.9774131866666654 2.2453105500000032 1.0149335149999998 80.45602283333322 1.160662650000001 44.877678999999944
262 8.716669999999882 0.9503535583333339 31.59911666666669 0.9755212249999997 2.2688693166666654 1.0151730149999998 81.33860050000003 1.1535976666666656 45.379123666666665
263 8.75 0.9523976800000002 32.01629616666665 0.977047258333333 2.2926458999999983 1.015403056666667 82.2281421666667 1.146655683333333 45.881376333333286
264 8.783330000000118 0.9536682116666679 32.43722350000001 0.9795966666666668 2.3166668999999973 1.015177015 83.1242743333333 1.1382934833333338 46.383771000000024
265 8.816670000000087 0.9550799683333334 32.8619825 0.9785597133333338 2.340844316666668 1.014944546666667 84.02701350000001 1.1286124333333338 46.88567683333335
266 8.850000000000033 0.9563561183333333 33.290527999999995 0.98061145 2.365256433333332 1.0146103600000007 84.93629283333335 1.1145679500000019 47.38509516666674
267 8.883329999999987 0.9579738816666681 33.72303750000005 0.9841412450000001 2.389941199999997 1.0151293033333344 85.85290266666665 1.0948044999999997 47.87935716666676
268 8.916669999999945 0.9599436849999995 34.159697333333355 0.98517997 2.414837966666668 1.014751194999999 86.77605799999995 1.0705492500000005 48.366303333333306
269 8.9499999999999 0.961640116666666 34.600409500000005 0.9860249816666663 2.439942483333334 1.014751676666667 87.70613133333336 1.0452350600000007 48.84529650000002
270 8.983330000000022 0.9628314383333328 35.0449536666667 0.9845432566666676 2.4651963166666673 1.0138610750000001 88.64232250000006 1.019741468333333 49.31609666666668
271 9.016669999999978 0.9642659483333336 35.49347183333336 0.9869499199999999 2.4906998833333347 1.0138265966666673 89.58544483333334 1.0015876749999995 49.78195366666664
272 9.0500000000001 0.9660053483333327 35.94612866666667 0.9878973999999996 2.5164176833333327 1.0136385266666659 90.53537099999996 0.9874482233333324 50.244633499999956
273 9.083330000000062 0.9675723766666681 36.40286433333334 0.9893969416666658 2.5423640833333327 1.0138758400000005 91.49253666666657 0.9806701633333333 50.70752700000005
274 9.11667000000002 0.968910015000001 36.86359566666667 0.9885259649999999 2.568478466666669 1.013665491666667 92.45653850000001 0.9803478850000007 51.173676833333374
275 9.149999999999956 0.9700741833333333 37.328258666666684 0.9921309950000001 2.594879849999998 1.0136119333333338 93.42755316666671 0.9833949549999991 51.64469916666666
276 9.18332999999991 0.9723147183333335 37.797396500000026 0.990542016666667 2.621431766666664 1.01379248 94.40582866666668 0.9909259466666672 52.12279050000004
277 9.216669999999878 0.9733626333333325 38.27045500000003 0.9922659333333339 2.64822295 1.013584756666667 95.39101283333332 1.0022263099999997 52.6098555
278 9.25 0.9751908716666674 38.74783549999998 0.9917269766666675 2.6751937499999996 1.0133062083333335 96.38306699999997 1.0152079950000008 53.1068003333334
279 9.283330000000124 0.9760446716666674 39.22908449999999 0.9924144049999999 2.702378133333331 1.013936341666666 97.3829058333333 1.0279589116666656 53.613619333333304
280 9.31667000000009 0.9771055183333323 39.71432200000004 0.9921142733333342 2.7297499833333347 1.013391363333333 98.38939750000004 1.0372498233333327 54.12870233333331
281 9.350000000000051 0.9787924233333335 40.20388166666666 0.991490285 2.7573005000000004 1.0139736233333343 99.40368266666668 1.0375342916666668 54.647614
282 9.383329999999969 0.9800742233333332 40.69758183333332 0.991519101666666 2.7850489666666673 1.014062284999999 100.42529699999999 1.0323381383333332 55.16762083333339
283 9.416669999999927 0.9814052799999999 41.19547399999999 0.992784295 2.813029983333333 1.0146886399999993 101.45483333333326 1.01983456 55.68497999999996
284 9.449999999999896 0.9823051899999996 41.69735616666671 0.9918496033333347 2.84118335 1.0146090033333324 102.49156666666673 1.0026903883333331 56.19725199999995
285 9.483330000000022 0.9835637866666654 42.20343250000002 0.9952707099999994 2.869633250000003 1.015091401666667 103.53616166666676 0.9853172883333333 56.70420633333339
286 9.516669999999978 0.9846031716666662 42.71361766666667 0.9933185616666653 2.8982277000000027 1.0148914766666668 104.58785666666662 0.968516786666667 57.206028500000045
287 9.550000000000104 0.9857181316666663 43.22795716666668 0.9926026333333323 2.9270017999999975 1.0154277233333338 105.64754499999994 0.9583377516666663 57.70605683333329
288 9.58333000000008 0.9867949999999992 43.74645883333334 0.993264498333333 2.955996166666665 1.0159511183333325 106.71516833333332 0.9507752483333335 58.20560866666673
289 9.616670000000038 0.9882481416666667 44.269345666666666 0.9920839483333332 2.9851582833333303 1.0163679216666666 107.7906700000001 0.9477881366666668 58.70706100000005
290 9.64999999999994 0.9893924799999997 44.79647250000001 0.9907231066666664 3.0144826666666686 1.0162209633333346 108.87345166666681 0.9485510449999996 59.212403166666675
291 9.683329999999907 0.9891681950000009 45.32712666666665 0.9913616866666659 3.044028550000001 1.0163826799999993 109.96394500000007 0.9509659816666677 59.7225385
292 9.716669999999873 0.9902639633333331 45.86203249999993 0.989862196666666 3.073733633333337 1.0165081816666663 111.06208500000001 0.9542532449999993 60.237964333333345
293 9.75 0.9909746250000004 46.40100150000003 0.9854654866666671 3.1035098166666657 1.016227549999999 112.16744666666665 0.9576602983333328 60.758791166666704
294 9.783330000000127 0.9918002883333324 46.944115 0.9862691949999991 3.1335144666666648 1.0169688766666674 113.28124000000001 0.9601262249999994 61.28453483333328
295 9.816670000000094 0.9923000366666673 47.49120850000001 0.9858963216666662 3.1637124166666672 1.0173436166666683 114.40299333333336 0.9660266716666664 61.8171171666667
296 9.850000000000069 0.9933807000000001 48.042624666666704 0.9844112966666662 3.1940702333333326 1.0165883316666657 115.53158500000008 0.9703663633333336 62.35573000000003
297 9.883329999999955 0.9940416799999999 48.59814999999998 0.9832317116666667 3.2245970333333367 1.0172941883333337 116.66860333333342 0.9737997816666653 62.89991433333328
298 9.916669999999911 0.9949121650000002 49.15792066666667 0.9823322583333336 3.255302183333334 1.0171577033333337 117.81313666666664 0.9800267166666665 63.45128250000002
299 9.949999999999893 0.9956050450000006 49.721849500000005 0.9802582616666656 3.2861485166666697 1.0169956916666667 118.96519333333337 0.9826577783333327 64.00785166666671
300 9.983330000000022 0.9961497749999997 50.289874166666664 0.9809215299999994 3.317223183333335 1.0172812383333345 120.12528500000005 0.9850957766666676 64.56954416666669
