5200000 0.11922215838631901 
5250000 0.1191310037894988 
5300000 0.11924219164694458 
5350000 0.1188043700284306 
5400000 0.11919250108984641 
5450000 0.11885764140861894 
5500000 0.11911739036495314 
5550000 0.11902890354050497 
5600000 0.11914180875202131 
5650000 0.11898768727921531 
5700000 0.11899977363663201 
5750000 0.11946530388685986 
5800000 0.119245568777317 
5850000 0.11917055302119334 
5900000 0.11897441957815574 
5950000 0.11908381180900256 
6000000 0.11911576634923934 
6050000 0.11899998408674868 
6100000 0.11890655383217391 
6150000 0.1191507437810484 
6200000 0.1190686887281166 
6250000 0.11915475132359372 
6300000 0.11947203701622784 
6350000 0.11935864180772775 
6400000 0.11906786419816881 
6450000 0.11910753396070928 
6500000 0.11902935581271723 
6550000 0.11885906249053538 
6600000 0.11920659299723184 
6650000 0.11916075889553114 
6700000 0.1190661475858804 
6750000 0.11891278245246947 
6800000 0.11892525366448745 
6850000 0.11922162071117443 
6900000 0.11921845110349315 
6950000 0.11912184023602032 
7000000 0.1193660116527951 
7050000 0.11918157234816966 
7100000 0.11896697382730849 
7150000 0.11882487547197745 
7200000 0.11921133177110883 
7250000 0.11912328399024265 
7300000 0.11897193610783396 
7350000 0.11925424658985485 
7400000 0.1191073260790011 
7450000 0.11918567109013656 
7500000 0.11924092132132742 
7550000 0.1191538593947343 
7600000 0.11901363924597658 
7650000 0.11906011210383799 
7700000 0.11915922130381373 
7750000 0.11895724720388315 
7800000 0.11902075742937256 
7850000 0.11892535954777753 
7900000 0.11899534173889306 
7950000 0.11935632943554134 
8000000 0.11896885390110395 
8050000 0.11896097957966979 
8100000 0.11922116675473862 
8150000 0.11927223443550188 
