0 0.14377862646576017 
2320 0.14377862646576017 
50000 0.14377862646576017 
100000 0.14377862646576017 
150000 0.14377862646576017 
200000 0.14377862646576017 
250000 0.14377862646576017 
300000 0.14377862646576017 
350000 0.14377862646576017 
400000 0.14377862646576017 
450000 0.14377862646576017 
500000 0.14377862646576017 
550000 0.14377862646576017 
600000 0.14377862646576017 
650000 0.14377862646576017 
700000 0.14377862646576017 
750000 0.14377862646576017 
800000 0.14377862646576017 
850000 0.14377862646576017 
900000 0.14377862646576017 
950000 0.14377862646576017 
1000000 0.14377862646576017 
1050000 0.14377862646576017 
1100000 0.14377862646576017 
1150000 0.14377862646576017 
1200000 0.1192295715718091 
1250000 0.11905242190902467 
1300000 0.11872594589305693 
1350000 0.118728863581912 
1400000 0.11879908559982051 
1450000 0.11930429412286789 
1500000 0.11858481408805385 
1550000 0.11878881735575768 
1600000 0.11911305456114224 
1650000 0.11903729900353027 
1700000 0.11899412552689749 
1750000 0.11912080420304777 
1800000 0.11890361900519825 
1850000 0.11911338392888793 
1900000 0.11899798034015872 
1950000 0.11915486242831538 
2000000 0.11882412450594945 
2050000 0.11928107869193089 
2100000 0.11889373680233788 
2150000 0.11883106845816258 
2200000 0.11873546178172072 
2250000 0.11905123727756943 
2300000 0.11902765178837552 
2350000 0.11890420603398917 
2400000 0.11864776516761535 
2450000 0.11931192849592154 
2500000 0.11903144946434847 
2550000 0.11895595324777124 
2600000 0.11880482683739087 
2650000 0.11922258248314155 
2700000 0.11882672473972736 
2750000 0.1190197853671971 
2800000 0.11901753952480729 
2850000 0.11882735043418519 
2900000 0.11913556956113965 
2950000 0.11900542524500976 
3000000 0.11914716620141871 
3050000 0.11896057808231314 
3100000 0.11911697524883498 
3150000 0.11912756747099731 
3200000 0.11913872013084294 
3250000 0.11879233256794557 
3300000 0.11885257639703636 
3350000 0.11914263754263092 
3400000 0.1192515356940912 
3450000 0.11906951225310426 
3500000 0.11908162998501579 
3550000 0.11911946946457418 
3600000 0.11917284413750963 
3650000 0.11895982028256172 
3700000 0.11915562404128523 
3750000 0.11893580053644251 
3800000 0.11916048950371708 
3850000 0.11882365835213261 
3900000 0.11895417686695432 
3950000 0.11912348331806678 
4000000 0.11894243653390457 
4050000 0.11879421805984793 
4100000 0.11872584361530611 
4150000 0.11922541031443902 
4200000 0.11868225716007393 
4250000 0.11912481440837747 
4300000 0.11914132554088376 
4350000 0.11904708464481842 
4400000 0.11884727604958015 
4450000 0.11886438716304638 
4500000 0.11913795190400799 
4550000 0.11888492262598309 
4600000 0.11902733059486102 
4650000 0.11908004483090923 
4700000 0.11906167428270988 
4750000 0.11901866540763041 
4800000 0.11904671254784939 
4850000 0.11892353864849761 
4900000 0.11880673740676802 
4950000 0.11888141524566372 
5000000 0.11898049751174389 
5050000 0.11883739014663376 
5100000 0.11927305272481296 
5150000 0.11933635076884946 
