1 0.01666670000000003 0.0 0.0 0.0 0.0 0.0 0.0 0.0 0.0
2 0.05000000000000049 0.0 0.0 0.0 0.0 0.0 0.0 0.0 0.0
3 0.08333329999999965 0.0 0.0 0.0 0.0 0.0 0.0 0.0 0.0
4 0.11666700000000027 0.0 0.0 0.0 0.0 0.0 0.0 0.0 0.0
5 0.1500000000000009 0.0 0.0 0.0 0.0 0.0 0.0 0.0 0.0
6 0.18333300000000133 0.0 0.0 0.0 0.0 0.0 0.0 0.0 0.0
7 0.21666700000000086 0.0 0.0 0.0 0.0 0.0 0.0 0.0 0.0
8 0.25 0.0 0.0 0.0 0.0 0.0 0.0 0.0 0.0
9 0.2833329999999991 0.0 0.0 0.0 0.0 0.0 0.0 0.0 0.0
10 0.3166669999999973 0.0 0.0 0.0 0.0 0.0 0.0 0.0 0.0
11 0.34999999999999637 0.0 0.0 0.0 0.0 0.0 0.0 0.0 0.0
12 0.38333299999999526 0.0 0.0 0.0 0.0 0.0 0.0 0.0 0.0
13 0.4166669999999956 0.0 0.0 0.0 0.0 0.0 0.0 0.0 0.0
14 0.44999999999999496 0.0 0.0 0.0 0.0 0.0 0.0 0.0 0.0
15 0.48333299999999707 0.0 0.0 0.0 0.0 0.0 0.0 0.0 0.0
16 0.5166670000000018 0.0 0.0 0.0 0.0 0.0 0.0 0.0 0.0
17 0.5500000000000062 0.0 0.0 0.0 0.0 0.0 0.0 0.0 0.0
18 0.5833329999999984 0.0 0.0 0.0 0.0 0.0 0.0 0.0 0.0
19 0.6166670000000055 0.0 0.0 0.0 0.0 0.0 0.0 0.0 0.0
20 0.6499999999999948 0.0 0.0 0.0 0.0 0.0 0.0 0.0 0.0
21 0.6833330000000036 0.0 0.0 0.0 0.0 0.0 0.0 0.0 0.0
22 0.7166669999999895 0.0 0.0 0.0 0.0 0.0 0.0 0.0 0.0
23 0.75 0.0 0.0 0.0 0.0 0.0 0.0 0.0 0.0
24 0.7833330000000119 0.0 0.0 0.0 0.0 0.0 0.0 0.0 0.0
25 0.8166669999999961 0.0 0.0 0.0 0.0 0.0 0.0 0.0 0.0
26 0.8500000000000093 0.0 0.0 0.0 0.0 0.0 0.0 0.0 0.0
27 0.8833329999999943 0.0 0.0 0.0 0.0 0.0 0.0 0.0 0.0
28 0.9166670000000037 0.0 0.0 0.0 0.0 0.0 0.0 0.0 0.0
29 0.9499999999999975 0.0 0.0 0.0 0.0 0.0 0.0 0.0 0.0
30 0.9833330000000067 0.0 0.0 0.0 0.0 0.0 0.0 0.0 0.0
31 1.0166699999999878 0.0 0.0 0.0 0.0 0.0 0.0 0.0 0.0
32 1.0499999999999978 0.0 0.0 0.0 0.0 0.0 0.0 0.0 0.0
33 1.083330000000004 0.0 0.0 0.0 0.0 0.0 0.0 0.0 0.0
34 1.1166699999999994 0.0 0.0 0.0 0.0 0.0 0.0 0.0 0.0
35 1.1499999999999873 0.0 0.0 0.0 0.0 0.0 0.0 0.0 0.0
36 1.1833299999999938 0.0 0.0 0.0 0.0 0.0 0.0 0.0 0.0
37 1.2166700000000124 0.0 0.0 0.0 0.0 0.0 0.0 0.0 0.0
38 1.25 0.0 0.0 0.0 0.0 0.0 0.0 0.0 0.0
39 1.283329999999987 0.0 0.0 0.0 0.0 0.0 0.0 0.0 0.0
40 1.31667000000001 0.0 0.0 0.0 0.0 0.0 0.0 0.0 0.0
41 1.3500000000000143 0.0 0.0 0.0 0.0 0.0 0.0 0.0 0.0
42 1.3833300000000006 0.0 0.0 0.0 0.0 0.0 0.0 0.0 0.0
43 1.416669999999986 0.0 0.0 0.0 0.0 0.0 0.0 0.0 0.0
44 1.450000000000014 0.0 0.0 0.0 0.0 0.0 0.0 0.0 0.0
45 1.4833300000000158 0.0 0.0 0.0 0.0 0.0 0.0 0.0 0.0
46 1.516669999999984 0.0 0.0 0.0 0.0 0.0 0.0 0.0 0.0
47 1.5499999999999838 0.0 0.0 0.0 0.0 0.0 0.0 0.0 0.0
48 1.5833300000000172 0.0 0.0 0.0 0.0 0.0 0.0 0.0 0.0
49 1.6166699999999994 0.0 0.0 0.0 0.0 0.0 0.0 0.0 0.0
50 1.6499999999999844 0.0 0.0 0.0 0.0 0.0 0.0 0.0 0.0
51 1.6833299999999825 0.0 0.0 0.0 0.0 0.0 0.0 0.0 0.0
52 1.716670000000015 0.0 0.0 0.0 0.0 0.0 0.0 0.0 0.0
53 1.75 0.0 0.0 0.0 0.0 0.0 0.0 0.0 0.0
54 1.7833299999999845 0.0 0.0 0.0 0.0 0.0 0.0 0.0 0.0
55 1.8166700000000129 0.0 0.0 0.0 0.0 2.18595e-06 8.2672e-08 0.0 0.0
56 1.8500000000000076 0.0 0.0 0.0 0.0 1.2665533333333333e-05 5.787040000000001e-07 0.0 0.0
57 1.88332999999999 0.0 0.0 0.0 0.0 6.519555000000003e-05 3.224207499999998e-06 0.0 0.0
58 1.91666999999999 0.0 0.0 0.0 0.0 0.00035021346666666645 1.7939819999999955e-05 0.0 0.0
59 1.950000000000022 0.0 0.0 0.0 0.0 0.001258254783333334 7.266871250000014e-05 0.0 0.0
60 1.9833300000000176 0.0 0.0 0.0 0.0 0.0033145944 0.00022180900283333286 1.4688133333333334e-05 3.3068766666666666e-07
61 2.016669999999982 0.0 0.0 0.0 0.0 0.007742788650000001 0.0005820105666666655 0.015268838899999991 0.0003554893754999991
62 2.0499999999999767 0.0 0.0 0.0 0.0 0.01526261968333334 0.0013157245799999898 0.03768437816666666 0.0012612443399999894
63 2.0833300000000037 0.0 0.0 0.0 0.0 0.028808750999999997 0.002746031883333335 0.01301537063333332 0.001584323983333319
64 2.1166700000000214 0.0 0.0 0.0 0.0 0.04855820216666664 0.005234623233333331 0.00034197815 0.0015930872333333186
65 2.150000000000006 0.0 0.0 0.0 0.0 0.07570692733333333 0.009237764983333304 0.019900809166666644 0.0021192131166666685
66 2.1833300000000007 0.0 0.0 0.0 0.0 0.11220249766666676 0.015355986333333347 0.06025212816666664 0.003761903966666656
67 2.2166700000000166 4.417233333333333e-06 1.24008e-07 0.0 0.0 0.1570787349999999 0.024184772999999986 0.05278786400000002 0.005245370550000005
68 2.25 2.4266110000000002e-05 8.267200000000002e-07 0.0 0.0 0.21288916833333332 0.03651306133333338 0.0768359191666667 0.007470073066666661
69 2.2833299999999834 0.00012197615 4.464287999999996e-06 0.0 0.0 0.27581859666666647 0.05296230266666669 0.11444004683333338 0.010882442150000022
70 2.316669999999995 0.0004726598733333336 1.8973223166666715e-05 0.0 0.0 0.34609665666666634 0.07420982199999994 0.11633159250000001 0.01445319650000001
71 2.3499999999999868 0.001252404008333335 5.853177700000001e-05 0.0 0.0 0.42068719166666674 0.10078514183333327 0.11024231383333337 0.01793518166666666
72 2.3833299999999684 0.003222692873333336 0.00016323582133333264 4.577733333333334e-05 8.2672e-08 0.5006593199999998 0.13331587500000003 0.09088357733333342 0.020887722166666674
73 2.416670000000006 0.006790135966666668 0.0003900462966666655 0.0004899218333333335 9.920639999999998e-07 0.5857836033333338 0.17244982166666672 0.05962317449999996 0.022879309666666698
74 2.450000000000027 0.013768068149999998 0.0008627234433333347 0.0031203029999999996 6.944447999999986e-06 0.6711796383333326 0.21853413999999996 0.05524371216666668 0.02477580266666667
75 2.4833300000000187 0.023429815500000003 0.0016891532833333337 0.016452576 3.918652333333344e-05 0.7582117116666667 0.27202049500000014 0.042026838833333274 0.026258119499999944
76 2.516669999999981 0.0375024385 0.003047701783333328 0.056957111333333345 0.00015381124666666613 0.8442775016666672 0.33318775166666675 0.016296217716666655 0.026848361333333327
77 2.5499999999999723 0.05615737533333334 0.005136284550000002 0.15382477266666647 0.0004716435416666654 0.9274819266666672 0.402174845 0.004534799350000001 0.027017001333333273
78 2.5833299999999904 0.07870819116666662 0.008140583616666662 0.3471289033333332 0.0012077548566666652 1.006570316666666 0.4790148716666666 0.0032969297166666645 0.027142828333333254
79 2.616670000000039 0.1055460858333334 0.01227393566666666 0.65877127 0.0026409971833333307 1.0835861816666656 0.5638823483333335 0.0075285179833333325 0.027437678999999947
80 2.650000000000022 0.13511163666666667 0.017700766833333336 1.0716144133333336 0.005032200816666663 1.1557099500000005 0.6567195916666676 0.029793152300000014 0.028634250833333336
81 2.6833300000000135 0.16598940666666662 0.02453658316666665 1.5578190666666638 0.008596354066666659 1.2222096166666667 0.757384023333334 0.19445589500000016 0.03664202966666667
82 2.716670000000018 0.19962139999999995 0.03296300249999998 2.0734766166666687 0.013458872666666661 1.2867601333333332 0.8660142350000003 0.9318823566666659 0.07597651900000009
83 2.75 0.23158106166666664 0.04297987016666662 2.5386317166666688 0.019559192499999985 1.3427375999999993 0.9821690066666683 2.7051873833333366 0.19298050499999994
84 2.783329999999982 0.2644320483333329 0.054696552666666655 2.925106050000001 0.0267596295 1.395162033333333 1.1058022833333323 4.7702924833333284 0.40433581333333335
85 2.816669999999984 0.29494880000000034 0.06808039666666665 3.2007242833333365 0.03482841416666668 1.4431837500000009 1.2367725166666654 5.534512249999991 0.6554599916666665
86 2.849999999999973 0.32544900833333307 0.08319981616666665 3.3732456333333354 0.04353455633333334 1.4834058499999991 1.3745981333333335 4.790912699999998 0.8780198300000001
87 2.883329999999954 0.35414795499999957 0.1000396311666666 3.4261252833333327 0.0525852333333333 1.5197229833333337 1.5191200499999997 3.558799383333331 1.047231916666667
88 2.9166700000000167 0.38008998833333324 0.11853324333333336 3.4018373000000017 0.06178071266666663 1.5530109333333342 1.670242216666667 2.613423783333334 1.1743828333333337
89 2.95000000000003 0.40375249666666674 0.13862978000000012 3.308737866666666 0.07093014349999997 1.5801758000000008 1.827542516666666 2.1577808833333347 1.2817792000000003
90 2.9833300000000196 0.4275449916666669 0.1603941583333333 3.1741321333333343 0.07990687050000002 1.6032886166666669 1.9907700666666677 1.924656716666668 1.3797493333333337
91 3.0166699999999804 0.44762978500000034 0.1836930000000001 2.9973524833333327 0.08857407283333338 1.6212210499999997 2.1595326999999984 1.6287252666666676 1.4645188500000013
92 3.0499999999999696 0.4659202699999999 0.2084827133333333 2.806935316666666 0.09687103299999998 1.640654699999999 2.3341131833333333 1.2660338166666665 1.5318760499999993
93 3.0833299999999806 0.4839855183333335 0.23479954499999997 2.6198174333333384 0.10478510500000014 1.6522689500000003 2.513793416666665 0.9374581849999999 1.5828479666666662
94 3.1166700000000507 0.5016757150000009 0.26267136833333343 2.43525858333333 0.11230153666666652 1.6606545833333342 2.698311666666666 0.6792459316666667 1.620582983333334
95 3.1500000000000328 0.5157008100000003 0.2919384600000002 2.258446166666667 0.11942216000000011 1.669616866666667 2.8878147666666676 0.5007978633333332 1.649003000000001
96 3.1833300000000224 0.5292686100000004 0.3226146183333332 2.1148569666666654 0.12623193500000002 1.6737728333333324 3.0818314833333305 0.37824855500000065 1.6709245999999993
97 3.216670000000018 0.5411955033333332 0.35464237166666646 1.9540626166666675 0.13265641499999997 1.6777373999999987 3.2804023833333313 0.2997986549999996 1.6886658333333358
98 3.25 0.5533474766666667 0.3880715616666667 1.8289397500000006 0.1387947683333335 1.675109600000001 3.4827918666666693 0.25071923333333357 1.703811783333334
99 3.2833299999999817 0.5643755266666672 0.4228698133333334 1.7049932166666677 0.14463513499999994 1.670078233333334 3.688734183333334 0.22755024333333335 1.7178414166666645
100 3.316669999999976 0.5731080666666667 0.45892770833333324 1.60666045 0.15025095499999994 1.6625739333333336 3.8979344166666654 0.2204903783333334 1.7317129833333331
101 3.3499999999999637 0.582826396666667 0.4963378150000002 1.5087767666666674 0.15563122333333337 1.651535616666668 4.109943900000002 0.22381448333333342 1.7460780500000017
102 3.3833299999999444 0.5903707633333334 0.534989911666667 1.4324733499999986 0.16084148499999984 1.635634683333333 4.3241116666666635 0.2462122733333333 1.762197116666667
103 3.4166700000000234 0.5972958150000007 0.5748698283333337 1.3581480333333342 0.16587926999999997 1.6169150666666672 4.540020316666664 0.28388646833333336 1.7811502166666662
104 3.4500000000000295 0.6061841749999999 0.6161368499999991 1.3017537999999995 0.17080253666666673 1.5953930166666677 4.75723223333333 0.3342382733333331 1.8039031833333328
105 3.4833300000000196 0.6101404016666658 0.6584796350000002 1.2472806166666668 0.17561135500000005 1.5720368666666675 4.975420183333332 0.40465463666666696 1.8319840166666677
106 3.5166699999999804 0.6167988883333335 0.7021076133333335 1.2025245883333344 0.18033680166666705 1.5456663999999989 5.194073399999996 0.5057583449999999 1.8677559999999986
107 3.5499999999999763 0.6211370216666665 0.7468792633333338 1.1684372133333338 0.18501576000000008 1.5182209500000032 5.4129350333333335 0.6563724283333328 1.9150649166666665
108 3.5833299999999744 0.6261665183333345 0.7928651166666661 1.1458187183333317 0.1896906833333332 1.492515366666667 5.632150116666668 0.8799770783333336 1.979687366666669
109 3.616670000000047 0.6314742733333337 0.8401075266666668 1.1111196233333338 0.19430877333333332 1.4666621 5.851594450000002 1.24459835 2.072794783333332
110 3.6500000000000408 0.6352994399999995 0.8885162916666672 1.1003343433333344 0.1989667266666666 1.4410802999999994 6.071204316666671 1.9016457666666653 2.2176893
111 3.683330000000012 0.6397878283333334 0.9381614516666676 1.0943053966666663 0.20368415166666656 1.4165733833333343 6.291040166666667 2.9386698333333316 2.445706949999999
112 3.7166700000000006 0.6427808650000005 0.9889457099999996 1.0827679783333342 0.20843671333333327 1.3949645333333336 6.511458466666665 3.9293864499999995 2.756140066666667
113 3.75 0.6464707216666672 1.0409421499999998 1.0788714883333335 0.21325753166666703 1.3746942833333333 6.732587933333341 4.007246816666666 3.0784277833333356
114 3.783330000000003 0.6505382200000002 1.0941995833333336 1.081930448333334 0.21817831833333354 1.3553935833333335 6.954505583333331 2.9827150666666644 3.3226008
115 3.816669999999994 0.6556079016666672 1.1488219333333332 1.0886851766666668 0.22321748666666674 1.3382035500000005 7.177486450000003 1.7622895833333319 3.4694195166666697
116 3.849999999999957 0.6600485516666665 1.2047791666666667 1.0938101816666659 0.22836912500000012 1.3253830833333335 7.402205850000005 1.0741022366666657 3.560474333333331
117 3.8833299999999644 0.6645369116666667 1.262096683333333 1.1037761800000003 0.23365818000000005 1.3090291166666663 7.628011850000001 0.837511833333334 3.6327077166666673
118 3.9166700000000296 0.6683444149999999 1.3207366166666672 1.1265526650000002 0.23914938833333332 1.294908583333333 7.855233233333335 0.7630346416666663 3.699651983333331
119 3.950000000000003 0.6739636549999996 1.3808799499999995 1.145259704999999 0.2448272483333336 1.2842231333333318 8.084431883333334 0.7125360283333331 3.763234333333334
120 3.9833300000000205 0.6815988066666671 1.4427358333333336 1.1644125483333336 0.2506978633333329 1.273593166666666 8.315585783333333 0.6663518449999996 3.823703333333333
121 4.016669999999979 0.6874717383333345 1.5061730833333324 1.184699325000001 0.2567712116666667 1.2640711000000011 8.548866783333334 0.6490612099999991 3.883593200000001
122 4.050000000000002 0.6933700283333334 1.5712212333333333 1.2130875699999997 0.26309368999999994 1.2520693333333326 8.783783983333333 0.6562658899999999 3.945157099999999
123 4.083329999999969 0.7005051549999995 1.6380248 1.2434008166666668 0.2696812433333334 1.2432041999999996 9.020893583333333 0.6937681066666668 4.011314866666668
124 4.116670000000028 0.7079228683333331 1.7066423999999998 1.2782407166666674 0.2765644266666665 1.2342342000000017 9.260151699999998 0.7747315166666667 4.086404200000003
125 4.150000000000047 0.7149991350000003 1.7770726666666667 1.3100114833333338 0.2837334349999997 1.2247603833333345 9.501433533333339 0.9645556133333326 4.181412416666669
126 4.183329999999992 0.7219175916666661 1.8493318499999982 1.3413316499999994 0.2911921766666666 1.2166262833333332 9.744978133333332 1.35627315 4.317158516666663
127 4.216669999999976 0.7294785099999999 1.923515350000002 1.3725909500000002 0.29894684333333404 1.2077483666666662 9.990611583333338 1.9853722499999982 4.519049049999999
128 4.25 0.7361379549999998 1.9995646833333331 1.3984697999999989 0.30697313500000006 1.198118366666667 10.23815766666668 2.625716116666667 4.790293733333334
129 4.283330000000027 0.7415845016666673 2.077383416666667 1.4142213999999997 0.3152176783333333 1.1903027499999987 10.487962666666665 2.9292210833333314 5.097656249999996
130 4.316670000000013 0.7471432083333333 2.157010049999998 1.422354016666668 0.3236391800000002 1.1829408499999994 10.740100000000004 2.8040243000000014 5.396478533333337
131 4.349999999999952 0.7518310433333331 2.2383784166666656 1.4111459333333323 0.3321238383333335 1.175408733333333 10.994514666666669 2.449242666666667 5.661539450000003
132 4.383329999999981 0.7560837550000005 2.3214662833333337 1.3919376999999993 0.34062177000000043 1.1656420500000004 11.25069683333333 2.0601844833333325 5.887926100000007
133 4.416670000000034 0.7587934233333335 2.4061248333333336 1.3607797000000008 0.34905630333333326 1.1583737166666672 11.509167499999995 1.6872272500000018 6.076160233333336
134 4.449999999999982 0.7619694966666665 2.492425516666665 1.3302850500000005 0.3574267716666668 1.15181235 11.770073166666668 1.3595545499999993 6.2301359500000055
135 4.483330000000021 0.7638745633333324 2.580243616666665 1.2876770333333336 0.3656509533333337 1.1425300833333336 12.032764833333333 1.1126689833333336 6.358045683333338
136 4.516669999999979 0.7652078250000004 2.669527549999996 1.2354208166666663 0.37365920333333325 1.135116933333333 12.29764583333333 0.9487079016666674 6.468734800000006
137 4.550000000000021 0.766630416666667 2.760302516666667 1.186098666666666 0.38146166000000015 1.1268075833333326 12.564484500000002 0.8616888200000004 6.570760266666668
138 4.5833299999999655 0.7670408099999999 2.8524618999999998 1.1424335649999997 0.38908730166666666 1.1221965333333337 12.834137000000016 0.8335899516666667 6.670910516666674
139 4.6166700000000125 0.7684183650000007 2.946134733333334 1.1000391233333324 0.3965372466666668 1.1126882166666658 13.105412499999996 0.8511033149999997 6.774657050000007
140 4.650000000000052 0.7686171633333327 3.041189416666669 1.0581658816666661 0.40380742666666675 1.1054597666666668 13.378826833333335 0.9081928483333328 6.886967366666672
141 4.683329999999976 0.7658573383333337 3.1372652999999984 1.024556321666665 0.41094795166666687 1.0995239166666673 13.654690000000006 1.0073227800000009 7.013328366666669
142 4.716669999999957 0.7676526366666675 3.2349428499999977 0.9970198433333337 0.417995841666667 1.0940331999999982 13.933094666666664 1.147958083333334 7.159388366666667
143 4.75 0.7673566166666671 3.333966966666668 0.9701168633333332 0.42495081833333326 1.088367166666667 14.213987333333332 1.3346384000000004 7.3316089999999985
144 4.783330000000046 0.7670459866666666 3.434345699999999 0.9464182650000006 0.4318314566666667 1.0817853333333323 14.4971115 1.550993233333333 7.534567649999992
145 4.816670000000028 0.7666233800000003 3.536072116666665 0.9317577250000011 0.4387002950000001 1.0747419333333335 14.782326500000002 1.7560825166666647 7.76757691666667
146 4.849999999999947 0.766984091666666 3.639259583333333 0.9142225733333326 0.44553341166666677 1.0711655500000001 15.070541666666658 1.8905007166666643 8.021905549999998
147 4.883329999999995 0.7670293749999995 3.7438767499999988 0.9097473300000002 0.45242688166666595 1.066275766666667 15.361398666666664 1.8980196833333336 8.280767766666658
148 4.916670000000037 0.7675128650000002 3.8499937500000025 0.9033861966666681 0.4593659450000002 1.0611945833333336 15.654833166666652 1.7877659500000005 8.527932699999996
149 4.9499999999999655 0.7674894433333336 3.9575509 0.8938474349999997 0.4663251116666663 1.0562457999999988 15.950875166666656 1.6288390333333334 8.756189433333336
150 4.983330000000021 0.7677068799999994 4.066592716666667 0.8923147966666665 0.4733662316666667 1.052492483333333 16.24984766666665 1.5290139500000004 8.973352416666671
151 5.016669999999979 0.768563991666667 4.17722163333333 0.893127701666668 0.4805083833333331 1.0494559499999998 16.551962666666665 1.5506859499999999 9.196549999999997
152 5.050000000000037 0.7705153933333341 4.2896101333333325 0.8964547816666664 0.48777269166666637 1.0450550833333327 16.856821000000018 1.6698655166666672 9.44010596666668
153 5.083329999999962 0.7701292200000002 4.403430016666662 0.8975229950000001 0.49514197833333307 1.042052833333333 17.164828499999995 1.839113050000002 9.71190008333333
154 5.116669999999999 0.7721755500000004 4.5190541666666695 0.9011208183333327 0.5026381916666665 1.0398169499999996 17.476220499999986 1.9800784333333317 10.008377000000001
155 5.150000000000055 0.7739194583333332 4.63645381666667 0.9049431299999996 0.5102645950000002 1.0388426300000004 17.79138850000002 2.01754395 10.314412999999993
156 5.183329999999963 0.7749064966666666 4.755530066666668 0.9154087899999994 0.5180793883333333 1.0364836316666675 18.109922166666674 1.9087192999999998 10.607701666666665
157 5.216669999999941 0.7768167499999996 4.876440000000005 0.9173131983333337 0.5260115049999996 1.0369546649999992 18.432714500000014 1.6797644666666662 10.8691405
158 5.25 0.7782321616666663 4.999122916666674 0.9253340183333318 0.5341155349999995 1.0371747783333343 18.759712499999992 1.4145879666666674 11.09212783333334
159 5.283330000000061 0.7803978300000006 5.123714983333333 0.9352369950000017 0.5424106350000011 1.0368588683333329 19.090775999999995 1.1998278 11.28367016666666
160 5.31667000000004 0.7829938266666661 5.250303433333339 0.9462846766666666 0.5509099749999997 1.039186999999999 19.426781000000005 1.0559969850000008 11.45439100000001
161 5.349999999999943 0.7861404566666657 5.378999600000004 0.9577474550000007 0.5596204533333339 1.0407123833333334 19.767515666666643 0.9678396650000021 11.61282516666667
162 5.383330000000006 0.7899233733333334 5.509931133333329 0.9694460366666673 0.5685475650000008 1.0421183999999994 20.11297516666666 0.9220255416666671 11.765644000000009
163 5.416670000000039 0.7924391916666668 5.642911533333337 0.9719081716666667 0.5776084966666661 1.0458647833333334 20.463981 0.8985705966666664 11.916424166666662
164 5.449999999999952 0.7964102783333338 5.778208200000002 0.9857401150000002 0.5869117949999998 1.0488486166666675 20.820332833333325 0.8880135549999996 12.067276166666668
165 5.483330000000021 0.7996446383333343 5.915721200000002 0.9917621066666675 0.5963868350000004 1.050159150000001 21.181511666666687 0.8889952666666672 12.220148000000007
166 5.516669999999979 0.8041530783333336 6.055696166666667 1.007688041666667 0.6061314183333332 1.0548941000000005 21.54874133333333 0.9073057516666675 12.378069833333335
167 5.5500000000000504 0.8066552966666665 6.197807783333339 1.0159078716666659 0.6160745700000002 1.0572152666666674 21.921240333333326 0.9518885966666665 12.545759500000013
168 5.583329999999959 0.8116075516666666 6.342515099999996 1.0277807633333336 0.6262551300000001 1.0612619666666665 22.29967 1.0307195666666658 12.729524
169 5.616669999999989 0.8153654266666669 6.489633316666661 1.0346229883333318 0.6366261583333339 1.064270066666668 22.683715666666686 1.1366667166666666 12.934604666666662
170 5.650000000000058 0.8190852133333336 6.639182233333334 1.0453194216666668 0.6472292216666666 1.0672131500000017 23.07341000000001 1.2359490166666667 13.160251666666678
171 5.683329999999953 0.8233883100000006 6.791295749999999 1.0564792933333342 0.6580722749999989 1.0708899333333342 23.469075333333322 1.2868587499999997 13.397974999999985
172 5.716669999999928 0.8258151966666669 6.945652466666673 1.064163104999999 0.6691226116666662 1.074759083333334 23.87084133333334 1.2729386499999988 13.635891666666657
173 5.75 0.8302880916666664 7.10266005 1.0767928433333325 0.6804349433333338 1.0774355499999984 24.278317333333316 1.2076710833333328 13.864252666666662
174 5.783330000000074 0.8331628000000005 7.262043333333335 1.0842963516666673 0.691958558333334 1.081211383333332 24.69197716666667 1.1205419499999996 14.078600999999995
175 5.816670000000051 0.8381205050000001 7.424228749999995 1.092631511666667 0.7037049966666662 1.0829717500000005 25.111098666666635 1.0457905533333332 14.28096216666666
176 5.849999999999941 0.8412115966666671 7.588883333333344 1.099372908333333 0.7156597283333332 1.0864725166666658 25.536410166666666 0.9908638683333332 14.474900333333341
177 5.883330000000015 0.844607591666667 7.756092016666667 1.110855328333332 0.7278773683333323 1.0889679666666667 25.967569499999986 0.9702023349999992 14.666959999999982
178 5.9166700000000425 0.8487943266666673 7.92603916666666 1.113985960000001 0.7402687233333338 1.0906661666666655 26.404308499999978 0.9749914283333324 14.862164833333342
179 5.949999999999941 0.8518756500000009 8.098529999999993 1.1221383183333327 0.7528917383333332 1.092624933333333 26.846775500000003 1.0048750766666659 15.065625999999993
180 5.983330000000021 0.8556774350000006 8.27373793333334 1.1280660666666669 0.7657240483333334 1.0946006333333331 27.295023666666673 1.054491056666667 15.281529833333325
181 6.016669999999979 0.8581779833333337 8.451421100000003 1.1297667133333333 0.7787193366666666 1.0963623999999994 27.749006833333326 1.1247433833333333 15.514394666666655
182 6.050000000000061 0.861608045 8.631796633333328 1.136804716666667 0.7919407400000011 1.097357816666666 28.208452500000014 1.2060596666666668 15.76686733333333
183 6.083329999999957 0.864533276666667 8.81478443333333 1.143522916666669 0.8053873549999998 1.097569 28.673064500000024 1.2852033333333321 16.038876499999994
184 6.116669999999981 0.8670158633333331 9.00031433333333 1.138906276666666 0.8189268583333336 1.0989501666666672 29.143376666666686 1.3375755999999992 16.32508516666667
185 6.150000000000062 0.8698694316666659 9.188488916666662 1.143224113333335 0.8326662033333337 1.100552799999999 29.619516166666667 1.3448500333333322 16.615997333333333
186 6.183329999999943 0.8718389233333329 9.379139716666678 1.1434546333333333 0.8465577066666666 1.1009415333333326 30.10100366666669 1.3143916666666668 16.90340816666665
187 6.216669999999917 0.8751360916666662 9.572580366666658 1.142759741666666 0.8605908133333336 1.101686933333332 30.58802499999999 1.2652706333333312 17.183067833333332
188 6.25 0.8767951199999997 9.76847156666667 1.143689283333333 0.8747863416666661 1.101764733333333 31.080321999999967 1.23521175 17.45902483333334
189 6.283330000000084 0.8791937066666659 9.96700051666668 1.1450253666666668 0.8891504883333334 1.101743266666666 31.577869999999972 1.2366396333333336 17.73825466666667
190 6.316670000000059 0.8807239249999996 10.16798873333333 1.1424006100000015 0.903634211666667 1.1017112000000016 32.08069633333333 1.27281995 18.028705833333337
191 6.3499999999999375 0.8826202433333323 10.371544000000009 1.1398014500000013 0.9182378433333336 1.1013266166666658 32.58866816666664 1.3419878 18.33818216666667
192 6.383330000000024 0.8846095599999999 10.577701 1.1352241333333326 0.9329359299999999 1.1010573000000003 33.101862499999996 1.4499877666666663 18.67608749999999
193 6.416670000000044 0.8864687716666668 10.78645733333333 1.134589955 0.9477796733333338 1.1000931499999993 33.619973499999986 1.588901533333333 19.050240666666678
194 6.449999999999931 0.8885173383333336 10.99787483333333 1.131628554999999 0.9627388 1.0982712666666665 34.14261900000001 1.7481996166666662 19.466196166666673
195 6.483330000000021 0.8904579766666668 11.21195449999999 1.13250545 0.9778646583333329 1.0984703333333339 34.67077083333332 1.8709814999999996 19.915974166666675
196 6.516669999999979 0.8924956100000007 11.42872716666666 1.1302917816666667 0.9931166033333333 1.097390349999999 35.20384400000006 1.8967874999999992 20.376660666666684
197 6.550000000000071 0.8937675599999996 11.648041500000001 1.1280500616666675 1.0084946799999996 1.0949468333333339 35.74118866666667 1.797806383333336 20.817781833333328
198 6.583329999999956 0.8949500900000006 11.869884166666676 1.1273957016666665 1.024020133333333 1.0952128833333337 36.28414550000001 1.6060482500000008 21.215875666666694
199 6.616669999999973 0.8961082666666672 12.094271333333339 1.1225232033333346 1.039635866666667 1.0932673833333333 36.83164033333333 1.3925498833333327 21.56455283333333
200 6.650000000000063 0.8973192833333337 12.32122916666666 1.1199613650000009 1.0553728333333328 1.0909854833333341 37.3835113333333 1.215919516666665 21.87208000000003
201 6.683329999999936 0.8992333999999997 12.550961166666669 1.1175261883333327 1.0712339499999994 1.0902504833333335 37.94055199999996 1.0974488666666662 22.15243083333335
202 6.716669999999908 0.8996496250000007 12.783092166666666 1.1158966500000003 1.087230050000001 1.088657266666666 38.50234116666666 1.0284952700000003 22.417796833333313
203 6.75 0.9012846866666668 13.01796133333334 1.1130415983333326 1.1033441833333342 1.0873691999999988 39.06905266666668 0.9918927883333322 22.676262333333344
204 6.783330000000094 0.9022252749999997 13.255403166666673 1.1101440333333337 1.1195752500000007 1.0843085500000003 39.639760333333335 0.9751839300000006 22.93289283333335
205 6.816670000000067 0.902338181666668 13.495217166666654 1.1077672149999993 1.135931099999999 1.083387766666666 40.21560083333332 0.9694434533333343 23.190526833333326
206 6.8499999999999375 0.9038690600000001 13.737791666666663 1.1045806333333332 1.152399983333333 1.080643750000001 40.79561916666665 0.9719738583333336 23.451364500000015
207 6.883330000000027 0.9045931499999983 13.982925666666652 1.104364726666666 1.169025999999999 1.0788660666666674 41.38032783333339 0.9800636700000005 23.716936499999985
208 6.91667000000004 0.9051241533333336 14.230589000000021 1.1031950666666672 1.1857960999999992 1.0767886833333329 41.969575166666665 0.99532594 23.989267666666663
209 6.949999999999924 0.9055504266666659 14.480760166666657 1.0971995566666664 1.202636050000001 1.0743769833333323 42.56318766666662 1.0162849966666665 24.270017833333352
210 6.983330000000021 0.905835140000001 14.73341633333333 1.0981651316666663 1.2196527166666675 1.0727939500000003 43.1616225 1.0471774016666675 24.56208116666669
211 7.016669999999979 0.9069652733333335 14.988810499999994 1.0962638066666683 1.2368024666666666 1.070186400000001 43.76431600000001 1.0908682666666658 24.86924266666665
212 7.050000000000077 0.9066142899999999 15.246534999999982 1.0923565533333337 1.2540540333333345 1.0689714499999994 44.372058833333284 1.1379651833333333 25.192718499999987
213 7.083329999999971 0.9083212066666669 15.507191666666676 1.0871194783333344 1.271385633333333 1.0658056166666658 44.983740999999945 1.1830650333333328 25.53220183333334
214 7.116669999999986 0.9083910000000008 15.770330999999985 1.0876142966666669 1.2888887666666662 1.063940383333333 45.600118333333356 1.2043658833333337 25.881057166666675
215 7.150000000000044 0.9083799400000011 16.035934666666652 1.0849600949999993 1.3065131333333342 1.0615737333333326 46.220897166666646 1.2052216666666673 26.233436333333337
216 7.18332999999993 0.9088519816666659 16.304162333333323 1.0836149783333315 1.3242795499999997 1.0596749833333332 46.846359333333304 1.192196933333334 26.585266500000014
217 7.2166699999999 0.9093310233333332 16.575024666666653 1.0787381033333334 1.34213105 1.05754075 47.47636549999996 1.1801991833333334 26.9367995
218 7.25 0.9092496366666669 16.848375333333344 1.0745750450000013 1.3600783000000007 1.055404983333333 48.110922166666654 1.1685201499999989 27.288071666666653
219 7.283330000000101 0.91054238 17.124630666666693 1.0736318266666673 1.3781749833333337 1.0526279666666671 48.74964133333336 1.1639795833333337 27.64120500000002
220 7.316670000000072 0.9111924949999994 17.403627000000007 1.0674123050000013 1.3963318333333352 1.0503661 49.39283666666665 1.157172883333333 27.995498666666656
221 7.349999999999967 0.911111861666667 17.68514333333332 1.067177316666666 1.414650833333333 1.0477762000000002 50.040304166666644 1.152449233333334 28.351563499999962
222 7.383330000000001 0.911400564999999 17.969306833333338 1.0625648966666676 1.4330563166666674 1.0461384500000004 50.69263683333328 1.14310325 28.707952999999986
223 7.416670000000011 0.9122125916666666 18.256300499999988 1.0594308316666656 1.4515733666666668 1.0437990500000014 51.349400999999965 1.1350404500000004 29.06502716666667
224 7.449999999999917 0.9124222783333326 18.54594399999999 1.055131586666667 1.4701814333333338 1.0417196333333343 52.01076350000001 1.1276889499999996 29.422988500000024
225 7.483330000000022 0.914056151666666 18.8387085 1.0503284149999994 1.488870866666666 1.0403392666666667 52.67717083333332 1.1171355999999981 29.78078166666667
226 7.516669999999978 0.9133212249999995 19.133850666666657 1.045700675000001 1.5076442833333326 1.0385484500000002 53.3483723333333 1.1049227166666666 30.13782050000001
227 7.550000000000085 0.9142187016666662 19.431909833333318 1.0437520399999998 1.526549166666666 1.0357060499999993 54.023685666666665 1.0909585999999998 30.493481833333348
228 7.5833299999999975 0.9150959850000006 19.732891500000015 1.0381227400000002 1.5455183833333332 1.0340337666666664 54.703875999999994 1.072073100000001 30.84607900000002
229 7.61667000000001 0.9152874083333328 20.036594166666667 1.0335837133333328 1.5645712166666665 1.0323901833333335 55.38896833333331 1.0540932116666661 31.195815666666714
230 7.650000000000018 0.9159961766666672 20.34319449999999 1.0309830166666678 1.5837429666666663 1.0304378833333332 56.07876133333335 1.03558703 31.542427666666693
231 7.683329999999923 0.9171193633333333 20.652848666666678 1.0262586916666663 1.6029931500000012 1.0283378666666663 56.77316333333337 1.0243044333333347 31.888257333333343
232 7.716669999999895 0.9178656983333333 20.965455333333328 1.0244344599999997 1.6223765333333309 1.0274591333333343 57.473004833333384 1.0205372633333327 32.23580933333332
233 7.75 0.918113720000001 21.280849833333335 1.018901655000001 1.6418221333333343 1.0262655016666666 58.17808383333335 1.0279841349999996 32.58892883333332
234 7.783330000000107 0.9195961516666671 21.59947816666669 1.0117255100000007 1.6612968500000014 1.0251257333333337 58.888450333333346 1.0430488399999995 32.95031683333334
235 7.816670000000078 0.9203513233333324 21.921108166666663 1.00897251 1.6808857833333326 1.0234427866666675 59.60374166666669 1.0636424833333322 33.321999666666684
236 7.8499999999999925 0.9212300533333323 22.245793000000006 1.0042226966666656 1.7005487000000004 1.0225178450000003 60.32449433333335 1.0868518500000002 33.705038666666724
237 7.8833299999999795 0.9219324166666668 22.573493166666683 1.0043378733333337 1.7203814999999993 1.0214146999999993 61.05059416666669 1.0942421166666667 34.093964
238 7.916669999999986 0.9227747850000011 22.904269333333318 0.9984226649999982 1.7402646166666662 1.0198552899999989 61.78173066666666 1.083850316666665 34.48246216666664
239 7.9499999999999105 0.9239441166666656 23.238262166666644 0.9958089200000007 1.7602630666666668 1.01952908 62.518800666666614 1.0541244166666668 34.86349383333333
240 7.983330000000022 0.9252158033333336 23.57552699999999 0.9910800216666651 1.7803336000000027 1.0176747283333343 63.260711500000035 1.0144617700000003 35.23326500000002
241 8.016669999999978 0.9262808333333332 23.916002499999998 0.9908530566666659 1.8005673333333323 1.017362099999999 64.0086036666666 0.9786597466666679 35.592977666666684
242 8.050000000000091 0.9272991866666672 24.259693333333324 0.9873234199999994 1.8208972666666656 1.0165830266666673 64.76214983333338 0.9549910350000003 35.94691233333336
243 8.083330000000021 0.9282691133333325 24.606596666666665 0.9838736783333341 1.8413242166666655 1.0161964933333336 65.521658 0.9419537583333344 36.298916333333345
244 8.116669999999983 0.9298208783333346 24.956956500000008 0.9793795900000005 1.8618259333333336 1.0157840633333337 66.2871353333333 0.9423713983333333 36.65398316666661
245 8.149999999999993 0.9302692150000005 25.310364 0.980602611666667 1.8825218833333335 1.0158759949999998 67.0589826666667 0.9461511000000001 37.01340850000003
246 8.18332999999992 0.9313516383333339 25.66709016666668 0.9794201283333337 1.9033627999999996 1.0145294483333342 67.83612216666658 0.9537678050000009 37.37869849999996
247 8.216669999999889 0.9326575366666663 26.02722883333332 0.9764706866666666 1.9243103666666654 1.0147261050000003 68.61976266666667 0.9632142783333331 37.7506171666667
248 8.25 0.9331608800000002 26.39048983333334 0.9763552850000002 1.9454257999999998 1.0136691633333341 69.4089449999999 0.9748851866666665 38.13010316666664
249 8.283330000000113 0.9354968816666671 26.75761033333333 0.9763945366666663 1.966713016666666 1.0134581950000012 70.20435666666668 0.9909931466666666 38.51898199999999
250 8.316670000000082 0.9358757716666682 27.127842499999993 0.9748797216666666 1.988138449999998 1.0141379916666664 71.00671666666663 1.0081805216666666 38.91779749999997
251 8.350000000000014 0.9369838683333334 27.501486666666697 0.9743070183333341 2.0097237000000003 1.0142043833333327 71.81557550000008 1.0301008000000003 39.3285548333333
252 8.383330000000006 0.9387159183333338 27.878820999999988 0.9718054149999998 2.0314253666666686 1.0132571566666664 72.63014700000006 1.0554903999999983 39.75280466666663
253 8.416669999999963 0.9394605949999986 28.25946383333333 0.9731065483333329 2.053329483333333 1.0140621016666664 73.45185833333335 1.0877931499999998 40.19352283333328
254 8.449999999999905 0.941787181666666 28.64407450000002 0.969847211666667 2.0753331833333335 1.0140050316666673 74.2800458333333 1.1247568500000016 40.6528316666667
255 8.483330000000022 0.942314558333333 29.03194233333332 0.9695934983333331 2.0975053166666684 1.013736353333334 75.1145575 1.1557881000000005 41.12854066666661
256 8.516669999999978 0.9440432633333341 29.423581333333306 0.9694677266666666 2.1198491 1.0141677183333329 75.95600116666665 1.177269966666667 41.61691266666669
257 8.550000000000095 0.9451399033333331 29.818753166666696 0.9731527666666678 2.1424536999999995 1.0139598633333335 76.80386766666669 1.1858218166666672 42.11268866666665
258 8.583330000000043 0.9466572399999997 30.217649499999993 0.970845451666666 2.1651808999999993 1.0139431116666686 77.6583431666667 1.183943699999999 42.611547666666645
259 8.616670000000003 0.9477609500000002 30.620118833333322 0.9737495616666663 2.1881534166666645 1.0141327666666677 78.51963266666661 1.1760349833333335 43.11092950000003
260 8.649999999999974 0.9489995949999993 31.026241833333327 0.9746352650000005 2.2113251166666674 1.013791601666666 79.38730650000001 1.1668304166666668 43.61024149999998
261 8.683329999999915 0.9501367233333341 31.43598616666668 0.971269788333334 2.2345950999999986 1.013863466666667 80.26174066666678 1.158162866666667 44.109674166666665
262 8.716669999999882 0.9521284466666669 31.84975083333331 0.9744040683333329 2.258119766666667 1.014165861666667 81.14316683333332 1.1509348666666677 44.609807500000024
263 8.75 0.9530047766666674 32.26707016666668 0.9738044483333325 2.281810216666668 1.0137953566666669 82.03101933333328 1.1440339833333335 45.11074966666669
264 8.783330000000118 0.954590238333333 32.68827016666666 0.9755139049999995 2.3057234999999987 1.0139121400000002 82.92575400000003 1.1368389833333323 45.61234366666665
265 8.816670000000087 0.9570710799999995 33.11378216666668 0.9759676233333333 2.3298293166666637 1.0141303066666674 83.82748549999992 1.1266495166666661 46.113217333333324
266 8.850000000000033 0.9581757516666666 33.54300883333336 0.9774485933333326 2.3541551666666667 1.013281810000001 84.7352866666667 1.1127630999999996 46.61167266666665
267 8.883329999999987 0.9594173950000002 33.976036833333346 0.9801384433333332 2.3787316166666668 1.0133514066666665 85.65000733333328 1.093146233333334 47.10503183333337
268 8.916669999999945 0.9612704766666671 34.41316350000002 0.9789481533333342 2.403463233333334 1.013749921666666 86.57196566666673 1.0692144333333338 47.59121850000004
269 8.9499999999999 0.9627367099999998 34.85423733333335 0.9810011933333326 2.428432050000002 1.0140883750000003 87.50113916666662 1.0429405749999996 48.06901166666666
270 8.983330000000022 0.9640115566666665 35.29918649999997 0.9827381166666666 2.453631733333332 1.0141207300000006 88.43727733333331 1.0172835566666667 48.53852683333329
271 9.016669999999978 0.9653430166666666 35.74806766666662 0.9821624333333332 2.4790040833333338 1.0131387166666668 89.37946000000004 0.9984036116666677 49.002756333333345
272 9.0500000000001 0.9670206199999996 36.2010585 0.9874043800000004 2.5047005666666657 1.0129860383333331 90.32848266666666 0.9826725833333331 49.46305500000002
273 9.083330000000062 0.9679245133333336 36.657819166666656 0.9856253766666665 2.530540049999999 1.0131521383333346 91.28466216666656 0.9773821283333333 49.92425549999998
274 9.11667000000002 0.9699665233333333 37.11890683333333 0.9880180800000012 2.5566328499999997 1.0128616516666664 92.2476005000001 0.9756729216666667 50.388033166666695
275 9.149999999999956 0.9714235266666662 37.58407183333332 0.988266061666667 2.5829234500000005 1.0129366816666674 93.21766166666677 0.9790851349999992 50.85684216666661
276 9.18332999999991 0.9724680016666675 38.05313683333331 0.9887136999999988 2.6094177000000007 1.0128677833333333 94.19473683333327 0.9883774533333348 51.333553999999964
277 9.216669999999878 0.9738598233333339 38.52628933333337 0.9908672783333342 2.636163099999998 1.012868778333333 95.17891966666674 0.9995447949999995 51.819161666666666
278 9.25 0.9755755966666673 39.003706833333354 0.9888027750000001 2.663046099999999 1.0133061633333333 96.1706628333332 1.0148573166666675 52.31577983333328
279 9.283330000000124 0.9764298133333336 39.48499850000001 0.9914621950000004 2.6901957166666697 1.0126906983333333 97.168961 1.0272620116666673 52.82209366666665
280 9.31667000000009 0.9778671516666679 39.97045966666669 0.9910525533333331 2.7175295166666658 1.013623490000001 98.17536550000005 1.0363687866666669 53.33657733333337
281 9.350000000000051 0.9787058483333329 40.45982416666664 0.9905026699999998 2.7450443333333343 1.0133438049999994 99.18870333333336 1.0388769149999995 53.85600033333339
282 9.383329999999969 0.9800039083333345 40.95333700000002 0.9918925133333342 2.772794333333333 1.0141034599999983 100.21005049999995 1.033188438333332 54.37626666666667
283 9.416669999999927 0.981090024999999 41.45091249999998 0.9907477733333324 2.8007097 1.0140188183333323 101.23858666666668 1.0206221783333338 54.893865833333365
284 9.449999999999896 0.9821437866666679 41.95255483333332 0.994078641666667 2.8289170833333315 1.014458623333334 102.2748533333333 1.0032298033333333 55.406251999999974
285 9.483330000000022 0.983490589999998 42.458437833333306 0.9927050533333329 2.8572851333333293 1.0143172616666654 103.31828666666671 0.9866171316666666 55.9137168333333
286 9.516669999999978 0.9844124666666672 42.96835933333334 0.9899216500000008 2.885772683333335 1.0148879666666668 104.36969000000003 0.9707834433333328 56.41655099999995
287 9.550000000000104 0.9855917150000006 43.48247283333333 0.9941470300000009 2.9145823833333337 1.0149067499999993 105.42844999999986 0.9589721233333345 56.91675483333337
288 9.58333000000008 0.9863410850000008 44.00057299999999 0.990198079999999 2.9434782499999987 1.0154148883333334 106.49518000000012 0.9530085149999995 57.41732350000006
289 9.616670000000038 0.9876086916666662 44.52295933333337 0.9923742983333328 2.972639466666665 1.015574836666667 107.56951166666666 0.9500579550000009 57.919821666666735
290 9.64999999999994 0.988044743333333 45.04920233333335 0.9896934383333333 3.001924216666665 1.0157178233333322 108.65144333333332 0.9493952083333331 58.425452499999935
291 9.683329999999907 0.9884231716666679 45.57929200000003 0.9901861183333328 3.0314262999999992 1.0157582799999993 109.74092166666686 0.953283676666667 58.936668833333364
292 9.716669999999873 0.9891757966666666 46.11344216666669 0.9867942599999998 3.0610298833333327 1.0162741850000006 110.83847333333338 0.9544996116666656 59.45207166666667
293 9.75 0.9904430599999993 46.651954166666634 0.9867233799999995 3.090834499999999 1.0162680350000013 111.94354333333331 0.9593545683333324 59.973652833333325
294 9.783330000000127 0.9908466266666672 47.1943738333333 0.9848719099999992 3.1207874000000024 1.0164762350000003 113.05642499999988 0.9643928416666664 60.50156266666671
295 9.816670000000094 0.9914892200000001 47.74085166666668 0.9853307099999995 3.1509586833333336 1.0163741500000008 114.17676499999985 0.9684170650000008 61.03529783333333
296 9.850000000000069 0.9922205233333325 48.291451999999985 0.984450163333333 3.1813081166666644 1.017062261666666 115.30551666666656 0.9739101583333345 61.57571000000001
297 9.883329999999955 0.9929538466666668 48.84619533333327 0.9834882083333334 3.2118329166666677 1.016531076666668 116.44130499999987 0.9784897149999995 62.122343833333346
298 9.916669999999911 0.9938645316666675 49.40519933333332 0.9819077600000002 3.2425151499999987 1.0168787583333334 117.58519333333321 0.9834160500000008 62.67544316666669
299 9.949999999999893 0.994124238333333 49.968114666666615 0.980436201666666 3.273357800000005 1.016887415 118.73677666666659 0.9867805116666675 63.23416933333331
300 9.983330000000022 0.9942188383333329 50.53486283333333 0.9778505433333354 3.3043255500000015 1.016630745 119.8957683333334 0.9893882383333332 63.79813400000004
