5200000 0.11905019679493378 
5250000 0.11915654309847915 
5300000 0.11912040151623067 
5350000 0.11902925401848419 
5400000 0.11912952909610017 
5450000 0.11914791408176117 
5500000 0.11925713327700674 
5550000 0.11919599804950191 
5600000 0.11913724448382156 
5650000 0.11923024039229771 
5700000 0.11894342223193803 
5750000 0.11938747201615382 
5800000 0.11894570582743451 
5850000 0.11915391670699273 
5900000 0.1192170984003114 
5950000 0.11901796849942475 
6000000 0.11927935788271114 
6050000 0.11931954438876616 
6100000 0.11931670001168694 
6150000 0.11905387782546621 
6200000 0.11915853416531773 
6250000 0.11857976461199211 
6300000 0.11912503476312898 
6350000 0.11890444806760579 
6400000 0.11900792116258052 
6450000 0.11947334906460567 
6500000 0.11928970102776511 
6550000 0.11923041416362477 
6600000 0.11922979411504976 
6650000 0.11921754841877527 
6700000 0.11891738927458746 
6750000 0.11878088064873071 
6800000 0.11924243754946004 
6850000 0.11940321368242714 
6900000 0.11925084738140071 
6950000 0.11924168182380702 
7000000 0.11901791824223605 
7050000 0.11887081638488516 
7100000 0.11927848781062075 
7150000 0.11908892582601296 
7200000 0.11912816430607236 
7250000 0.11915583356388777 
7300000 0.11927091776418547 
7350000 0.11929850274110781 
7400000 0.11913127343757988 
7450000 0.11900072617565925 
7500000 0.11887414096687056 
7550000 0.11912075383029361 
7600000 0.11901655940866845 
7650000 0.11906658828985801 
7700000 0.11914985813353479 
7750000 0.11909890188080886 
7800000 0.11909981989293947 
7850000 0.1192752096169933 
7900000 0.1190809708688342 
7950000 0.11892522666552321 
8000000 0.11904237650806991 
8050000 0.11908028884315781 
8100000 0.11919897171612745 
8150000 0.11908634005397083 
