0 0.14377862646576017 
2320 0.14377862646576017 
50000 0.14377862646576017 
100000 0.14377862646576017 
150000 0.14377862646576017 
200000 0.14377862646576017 
250000 0.14377862646576017 
300000 0.14377862646576017 
350000 0.14377862646576017 
400000 0.14377862646576017 
450000 0.14377862646576017 
500000 0.14377862646576017 
550000 0.14377862646576017 
600000 0.14377862646576017 
650000 0.14377862646576017 
700000 0.14377862646576017 
750000 0.14377862646576017 
800000 0.14377862646576017 
850000 0.14377862646576017 
900000 0.14377862646576017 
950000 0.14377862646576017 
1000000 0.14377862646576017 
1050000 0.14377862646576017 
1100000 0.14377862646576017 
1150000 0.14377862646576017 
1200000 0.11900080323350509 
1250000 0.11883957646024959 
1300000 0.1186713938864523 
1350000 0.11861423420262977 
1400000 0.11865259736382715 
1450000 0.11909270449379593 
1500000 0.11853405434156998 
1550000 0.118596719245321 
1600000 0.11869269691455493 
1650000 0.11905795272427222 
1700000 0.11895845425859543 
1750000 0.11872189007309657 
1800000 0.11877062074381708 
1850000 0.11875157112882742 
1900000 0.11892025339763808 
1950000 0.11868937832265701 
2000000 0.11887873218194178 
2050000 0.11890809092297742 
2100000 0.11916893358919525 
2150000 0.11899666520192369 
2200000 0.11883447177925027 
2250000 0.11933836230940578 
2300000 0.11916254499123484 
2350000 0.1189538792393046 
2400000 0.11869814820901312 
2450000 0.11893754600377644 
2500000 0.1191303343149757 
2550000 0.11892183779914392 
2600000 0.11872005404859341 
2650000 0.11906275433833252 
2700000 0.11915498387009908 
2750000 0.11924133968269433 
2800000 0.11903614711930294 
2850000 0.11907341391984193 
2900000 0.11920205364319895 
2950000 0.11904754460743569 
3000000 0.11928068284847794 
3050000 0.11892334959846461 
3100000 0.118745963076983 
3150000 0.1192241116939934 
3200000 0.11910731094106661 
3250000 0.11898855268792079 
3300000 0.1189826829931085 
3350000 0.11876936955702304 
3400000 0.1191630296330896 
3450000 0.11892938354133174 
3500000 0.1189680483198896 
3550000 0.1192321869432122 
3600000 0.11896382279482647 
3650000 0.11906849788382172 
3700000 0.11881765086090006 
3750000 0.11931714386867447 
3800000 0.11899589006079703 
3850000 0.1191400876655296 
3900000 0.11886124266833303 
3950000 0.1189666960539595 
4000000 0.11883275798276134 
4050000 0.1188456307778866 
4100000 0.11882742705038016 
4150000 0.11895374785665606 
4200000 0.11879383149836348 
4250000 0.11914409622776269 
4300000 0.11906033501109306 
4350000 0.11872507205052309 
4400000 0.11913824339751806 
4450000 0.11879268437326938 
4500000 0.11878780959895315 
4550000 0.11905644391444006 
4600000 0.11921322429900935 
4650000 0.11906283969102628 
4700000 0.11888142862599313 
4750000 0.11902156833400136 
4800000 0.11921457605794353 
4850000 0.1190861693535831 
4900000 0.11888580692045216 
4950000 0.11896895324490424 
5000000 0.11896751368545982 
5050000 0.11926506852517937 
5100000 0.11930306011142183 
5150000 0.1189946333468199 
