1 0.01666670000000003 0.0 0.0 0.0 0.0 0.0 0.0 0.0 0.0
2 0.05000000000000049 0.0 0.0 0.0 0.0 0.0 0.0 0.0 0.0
3 0.08333329999999965 0.0 0.0 0.0 0.0 0.0 0.0 0.0 0.0
4 0.11666700000000027 0.0 0.0 0.0 0.0 0.0 0.0 0.0 0.0
5 0.1500000000000009 0.0 0.0 0.0 0.0 0.0 0.0 0.0 0.0
6 0.18333300000000133 0.0 0.0 0.0 0.0 0.0 0.0 0.0 0.0
7 0.21666700000000086 0.0 0.0 0.0 0.0 0.0 0.0 0.0 0.0
8 0.25 0.0 0.0 0.0 0.0 0.0 0.0 0.0 0.0
9 0.2833329999999991 0.0 0.0 0.0 0.0 0.0 0.0 0.0 0.0
10 0.3166669999999973 0.0 0.0 0.0 0.0 0.0 0.0 0.0 0.0
11 0.34999999999999637 0.0 0.0 0.0 0.0 0.0 0.0 0.0 0.0
12 0.38333299999999526 0.0 0.0 0.0 0.0 0.0 0.0 0.0 0.0
13 0.4166669999999956 0.0 0.0 0.0 0.0 0.0 0.0 0.0 0.0
14 0.44999999999999496 0.0 0.0 0.0 0.0 0.0 0.0 0.0 0.0
15 0.48333299999999707 0.0 0.0 0.0 0.0 0.0 0.0 0.0 0.0
16 0.5166670000000018 0.0 0.0 0.0 0.0 0.0 0.0 0.0 0.0
17 0.5500000000000062 0.0 0.0 0.0 0.0 0.0 0.0 0.0 0.0
18 0.5833329999999984 0.0 0.0 0.0 0.0 0.0 0.0 0.0 0.0
19 0.6166670000000055 0.0 0.0 0.0 0.0 0.0 0.0 0.0 0.0
20 0.6499999999999948 0.0 0.0 0.0 0.0 0.0 0.0 0.0 0.0
21 0.6833330000000036 0.0 0.0 0.0 0.0 0.0 0.0 0.0 0.0
22 0.7166669999999895 0.0 0.0 0.0 0.0 0.0 0.0 0.0 0.0
23 0.75 0.0 0.0 0.0 0.0 0.0 0.0 0.0 0.0
24 0.7833330000000119 0.0 0.0 0.0 0.0 0.0 0.0 0.0 0.0
25 0.8166669999999961 0.0 0.0 0.0 0.0 0.0 0.0 0.0 0.0
26 0.8500000000000093 0.0 0.0 0.0 0.0 0.0 0.0 0.0 0.0
27 0.8833329999999943 0.0 0.0 0.0 0.0 0.0 0.0 0.0 0.0
28 0.9166670000000037 0.0 0.0 0.0 0.0 0.0 0.0 0.0 0.0
29 0.9499999999999975 0.0 0.0 0.0 0.0 0.0 0.0 0.0 0.0
30 0.9833330000000067 0.0 0.0 0.0 0.0 0.0 0.0 0.0 0.0
31 1.0166699999999878 0.0 0.0 0.0 0.0 0.0 0.0 0.0 0.0
32 1.0499999999999978 0.0 0.0 0.0 0.0 0.0 0.0 0.0 0.0
33 1.083330000000004 0.0 0.0 0.0 0.0 0.0 0.0 0.0 0.0
34 1.1166699999999994 0.0 0.0 0.0 0.0 0.0 0.0 0.0 0.0
35 1.1499999999999873 0.0 0.0 0.0 0.0 0.0 0.0 0.0 0.0
36 1.1833299999999938 0.0 0.0 0.0 0.0 0.0 0.0 0.0 0.0
37 1.2166700000000124 0.0 0.0 0.0 0.0 0.0 0.0 0.0 0.0
38 1.25 0.0 0.0 0.0 0.0 0.0 0.0 0.0 0.0
39 1.283329999999987 0.0 0.0 0.0 0.0 0.0 0.0 0.0 0.0
40 1.31667000000001 0.0 0.0 0.0 0.0 0.0 0.0 0.0 0.0
41 1.3500000000000143 0.0 0.0 0.0 0.0 0.0 0.0 0.0 0.0
42 1.3833300000000006 0.0 0.0 0.0 0.0 0.0 0.0 0.0 0.0
43 1.416669999999986 0.0 0.0 0.0 0.0 0.0 0.0 0.0 0.0
44 1.450000000000014 0.0 0.0 0.0 0.0 0.0 0.0 0.0 0.0
45 1.4833300000000158 0.0 0.0 0.0 0.0 0.0 0.0 0.0 0.0
46 1.516669999999984 0.0 0.0 0.0 0.0 0.0 0.0 0.0 0.0
47 1.5499999999999838 0.0 0.0 0.0 0.0 0.0 0.0 0.0 0.0
48 1.5833300000000172 0.0 0.0 0.0 0.0 0.0 0.0 0.0 0.0
49 1.6166699999999994 0.0 0.0 0.0 0.0 0.0 0.0 0.0 0.0
50 1.6499999999999844 0.0 0.0 0.0 0.0 0.0 0.0 0.0 0.0
51 1.6833299999999825 0.0 0.0 0.0 0.0 0.0 0.0 0.0 0.0
52 1.716670000000015 0.0 0.0 0.0 0.0 0.0 0.0 0.0 0.0
53 1.75 0.0 0.0 0.0 0.0 0.0 0.0 0.0 0.0
54 1.7833299999999845 0.0 0.0 0.0 0.0 0.0 0.0 0.0 0.0
55 1.8166700000000129 0.0 0.0 0.0 0.0 0.0 0.0 0.0 0.0
56 1.8500000000000076 0.0 0.0 0.0 0.0 1.4772616666666667e-05 5.787038333333334e-07 0.0 0.0
57 1.88332999999999 0.0 0.0 0.0 0.0 9.980188333333333e-05 4.629632166666669e-06 0.0 0.0
58 1.91666999999999 0.0 0.0 0.0 0.0 0.0004108973666666666 2.190807383333327e-05 0.0 0.0
59 1.950000000000022 0.0 0.0 0.0 0.0 0.0012196610333333323 7.498355083333342e-05 0.0 0.0
60 1.9833300000000176 0.0 0.0 0.0 0.0 0.0033256228000000006 0.00022470250716666567 4.4084450000000004e-05 9.92063e-07
61 2.016669999999982 0.0 0.0 0.0 0.0 0.0076194551166666605 0.0005793650938333326 0.015281735283333335 0.00035664679333333263
62 2.0499999999999767 0.0 0.0 0.0 0.0 0.015727238466666685 0.0013358138566666566 0.03808416650000004 0.0012724878416666575
63 2.0833300000000037 0.0 0.0 0.0 0.0 0.028977979166666626 0.0027752975500000003 0.01260846943333333 0.0015856466666666525
64 2.1166700000000214 0.0 0.0 0.0 0.0 0.047865657333333325 0.005229745416666671 0.0003611408166666666 0.0015949060499999845
65 2.150000000000006 0.0 0.0 0.0 0.0 0.07594307466666674 0.009247520616666642 0.02062157896666666 0.0021403770666666697
66 2.1833300000000007 0.0 0.0 0.0 0.0 0.11245265266666671 0.015382690666666674 0.059310872500000035 0.003758266266666661
67 2.2166700000000166 2.9417133333333334e-06 8.2672e-08 0.0 0.0 0.1578172733333334 0.024257771499999987 0.052706678166666715 0.005240244650000006
68 2.25 2.5673715e-05 8.267200000000002e-07 0.0 0.0 0.21305098666666678 0.036602018666666694 0.07769054566666667 0.007490906449999994
69 2.2833299999999834 0.00011911371166666669 4.381615999999998e-06 0.0 0.0 0.2757387650000002 0.05305539200000003 0.11353984716666668 0.010878309083333352
70 2.316669999999995 0.000432045288333333 1.76504716666667e-05 0.0 0.0 0.3443564966666669 0.07420742400000002 0.11729752100000002 0.014480644833333323
71 2.3499999999999868 0.0012360400599999992 5.671298466666678e-05 0.0 0.0 0.42149706000000026 0.10084812049999993 0.10860969716666659 0.017912855499999984
72 2.3833299999999684 0.00327188084333333 0.00016307049516666626 4.571683333333333e-05 8.2672e-08 0.5043691833333334 0.13363756500000018 0.0909520785 0.020869202499999972
73 2.416670000000006 0.006944595796666661 0.000395171965499999 0.0005343135 1.0747359999999998e-06 0.5846814433333329 0.17271884499999987 0.05960651016666669 0.022861289833333364
74 2.450000000000027 0.013346538033333338 0.0008536295500000022 0.0036393469999999994 8.01918399999998e-06 0.6733039033333328 0.21897395833333338 0.055218266000000016 0.02475794516666664
75 2.4833300000000187 0.023409207333333334 0.0016797702500000015 0.015559604000000003 3.85251518333334e-05 0.7578122049999992 0.2724608283333335 0.04216801783333334 0.026246050666666614
76 2.516669999999981 0.03794737200000003 0.003055183416666662 0.054873685166666596 0.00014901628199999958 0.8444788883333325 0.33367545666666626 0.0166701194 0.026850180000000026
77 2.5499999999999723 0.05681983466666669 0.005169518783333329 0.15610337066666666 0.0004717262016666652 0.9265734966666652 0.40263211999999954 0.004310291666666669 0.0270105536666666
78 2.5833299999999904 0.07946486283333334 0.00820432365 0.3463925100000003 0.0012066799683333328 1.0096736566666673 0.479750233333334 0.0035590267666666636 0.027146468333333253
79 2.616670000000039 0.10661362000000002 0.0123816945 0.6492451399999999 0.002619957033333334 1.0847199550000002 0.5647523116666672 0.007385174849999996 0.027435858833333313
80 2.650000000000022 0.13655544500000014 0.01786950199999998 1.0566906983333322 0.004979125266666659 1.1549354666666671 0.6575771650000001 0.02941546666666668 0.028617879666666658
81 2.6833300000000135 0.16792660166666665 0.02478889649999996 1.5503573999999996 0.008528108450000009 1.2256515499999996 0.758579353333333 0.1946431550000001 0.03663756583333338
82 2.716670000000018 0.2015609549999998 0.033301753166666635 2.045978849999997 0.013328702666666662 1.2876796999999998 0.867345816666666 0.9336759083333326 0.07606894633333336
83 2.75 0.23464034833333378 0.04345643149999996 2.5225406166666695 0.019393641166666645 1.3461392333333342 0.9838574616666658 2.7113771333333307 0.19340377333333328
84 2.783329999999982 0.2668648966666668 0.05528737016666666 2.8812153666666664 0.026489873999999983 1.3966097833333315 1.1076855333333344 4.774025166666664 0.40503852333333323
85 2.816669999999984 0.2990396133333333 0.0688640855 3.1690325333333313 0.0344830501666667 1.4442132500000011 1.2388194666666674 5.531634300000001 0.6561669933333333
86 2.849999999999973 0.3296909216666667 0.0841887779999999 3.3346680000000024 0.043094205166666594 1.483502216666666 1.3767280333333332 4.78605286666667 0.8786201933333331
87 2.883329999999954 0.3581720266666667 0.10122907550000003 3.406062633333334 0.05209668616666671 1.5197243666666669 1.5213281500000007 3.5605785999999995 1.0480081500000005
88 2.9166700000000167 0.38465785333333347 0.11995498499999999 3.3792664666666643 0.06123602866666668 1.5541285166666658 1.6726402499999986 2.616932250000001 1.175398533333334
89 2.95000000000003 0.4088640766666668 0.14031683666666675 3.2875373166666684 0.0703317634999999 1.580275066666667 1.830034700000002 2.160348750000004 1.2829800500000001
90 2.9833300000000196 0.4318912616666668 0.16231427333333323 3.1405254166666676 0.0792181698333333 1.6025772500000017 1.9932774333333343 1.9080630333333328 1.380158266666667
91 3.0166699999999804 0.45129728666666635 0.18581664166666664 2.959096533333335 0.08777939050000004 1.624484283333333 2.1624706333333314 1.6144305499999998 1.464229083333334
92 3.0499999999999696 0.47121010833333304 0.21090136833333334 2.7715512666666675 0.0959761496666667 1.641177516666667 2.3372007333333342 1.253999833333333 1.5309815833333313
93 3.0833299999999806 0.4897750233333338 0.2375473283333333 2.6027386666666645 0.1038428383333332 1.6526015833333332 2.517014233333334 0.92299396 1.5811940166666654
94 3.1166700000000507 0.5051866333333334 0.26562929166666677 2.4103310999999996 0.11128631500000004 1.6617135666666678 2.7017491666666675 0.6689502233333334 1.6183769666666663
95 3.1500000000000328 0.5213105800000002 0.29523061666666667 2.2408636833333304 0.11835534333333345 1.6699185666666654 2.8913882999999965 0.4930886400000001 1.646374183333333
96 3.1833300000000224 0.5354027400000008 0.32627896666666667 2.087570750000001 0.12508083999999997 1.6761551499999994 3.085785200000002 0.3741249000000004 1.6680687499999998
97 3.216670000000018 0.5479861583333339 0.35872605833333343 1.935182266666668 0.13144663333333328 1.6774384666666675 3.2844271166666683 0.3008359666666666 1.6858807166666658
98 3.25 0.5593090783333333 0.39253356999999955 1.809056333333334 0.13752154333333347 1.6753320833333312 3.4869528833333288 0.25583255333333343 1.7013436666666664
99 3.2833299999999817 0.5693824899999996 0.42765951166666694 1.6953432500000023 0.14333194166666668 1.671394333333332 3.693168400000002 0.23054319500000006 1.7155653333333343
100 3.316669999999976 0.5797290299999996 0.46415364666666664 1.5845686833333337 0.1488735049999999 1.6644968499999984 3.902723366666671 0.22498284499999993 1.7297273500000012
101 3.3499999999999637 0.5872118283333336 0.5018655283333338 1.4962925333333321 0.15421208500000022 1.6540940999999996 4.115175283333333 0.23034073333333335 1.7445194000000015
102 3.3833299999999444 0.5966667716666666 0.5409511499999996 1.415766266666667 0.15936437166666662 1.6387432666666637 4.329865099999994 0.25301915333333347 1.7610929333333332
103 3.4166700000000234 0.6036689 0.5812782300000002 1.3458855666666671 0.1643593783333333 1.6191874333333314 4.546194033333331 0.2923035083333336 1.7806189666666674
104 3.4500000000000295 0.6099425449999997 0.6228234083333336 1.2928443166666643 0.16925164500000003 1.5961359666666648 4.763623416666664 0.3434870633333337 1.8040136000000013
105 3.4833300000000196 0.615962943333333 0.6655932916666666 1.2402592700000006 0.17403597166666662 1.5730850666666665 4.98207435 0.41442641833333327 1.8327880833333343
106 3.5166699999999804 0.62196809 0.7096106149999997 1.2001910849999997 0.17875477166666667 1.5456122833333326 5.20083736666667 0.5150798783333325 1.8692389333333344
107 3.5499999999999763 0.6272853416666678 0.7548497500000001 1.1638374083333318 0.18341777999999992 1.5188873833333336 5.419913083333333 0.6650572916666667 1.9171992833333331
108 3.5833299999999744 0.6318496783333334 0.8012778116666669 1.128552945 0.1880247766666666 1.4940796999999981 5.639476200000003 0.8931733583333332 1.9828261000000014
109 3.616670000000047 0.6362562283333338 0.8489035250000007 1.112537393333333 0.1926512366666665 1.4671554833333325 5.85911246666666 1.2561262166666662 2.0768458666666696
110 3.6500000000000408 0.641010105 0.8977736833333334 1.091993986666668 0.197276385 1.442298766666668 6.079025966666662 1.9092915500000007 2.222401283333333
111 3.683330000000012 0.6440423983333331 0.9477758799999996 1.082864548333334 0.20194696666666653 1.419520016666666 6.2994377000000075 2.9516243500000017 2.451547866666667
112 3.7166700000000006 0.6486120666666667 0.999048356666666 1.0740215883333344 0.2066637066666666 1.3967510666666654 6.52025709999999 3.934817566666671 2.7625769333333325
113 3.75 0.6530554216666671 1.0516024500000003 1.0706835983333327 0.21145045500000015 1.3747568166666673 6.741515183333331 4.002889533333334 3.0846878500000012
114 3.783330000000003 0.6570964683333332 1.1054258333333327 1.0771097100000007 0.21635191166666695 1.3556508499999993 6.963594500000008 2.9805192666666676 3.328812066666665
115 3.816669999999994 0.66091497 1.1605199666666675 1.0791357099999994 0.22134954666666645 1.3406315000000013 7.187100166666673 1.7589113499999993 3.4754279833333324
116 3.849999999999957 0.6649639149999996 1.2169242166666654 1.084952848333334 0.22646226666666663 1.3229587333333328 7.411529183333335 1.0690370799999995 3.5661023500000018
117 3.8833299999999644 0.6703140616666663 1.274771083333333 1.1023061733333337 0.23174707000000003 1.3102801333333312 7.63767253333333 0.8378320099999997 3.6384017500000025
118 3.9166700000000296 0.6744629616666673 1.333979583333334 1.1179394683333328 0.23719924666666647 1.296173833333334 7.865238266666674 0.7646886483333333 3.7055272833333333
119 3.950000000000003 0.6796426316666657 1.3946624999999988 1.1369702283333327 0.24283905833333322 1.283775099999999 8.09447953333333 0.7151846999999988 3.7693799500000016
120 3.9833300000000205 0.6852758200000006 1.456885666666668 1.1528499533333327 0.2486545133333335 1.2724472333333323 8.325549299999999 0.6698663800000008 3.8302006000000053
121 4.016669999999979 0.6925448466666663 1.5208255166666662 1.1849182666666662 0.25473223666666694 1.2633942833333323 8.558831249999994 0.6504718283333336 3.8902528666666703
122 4.050000000000002 0.6984387766666671 1.586384066666667 1.2047859999999992 0.2610147966666666 1.2524736166666675 8.793950916666672 0.6591406599999999 3.9521197833333344
123 4.083329999999969 0.7045279983333338 1.6536074500000022 1.2394226966666657 0.26758483833333313 1.2434801333333332 9.031240649999999 0.6994272433333332 4.018852850000001
124 4.116670000000028 0.7129011650000003 1.7227448500000007 1.2765409333333346 0.2744625516666664 1.2345149833333338 9.270680883333323 0.7819457049999997 4.09468213333333
125 4.150000000000047 0.7196039566666667 1.793666966666666 1.3017176999999993 0.28158994166666673 1.2260926166666672 9.512354816666669 0.9714054933333336 4.190415983333333
126 4.183329999999992 0.7267623583333334 1.8664501333333348 1.3345003000000002 0.28901469000000013 1.2175354833333352 9.756212583333333 1.3645195666666665 4.327060500000001
127 4.216669999999976 0.7338100316666668 1.94111445 1.363762433333332 0.2967236216666664 1.2083515499999995 10.002103016666668 1.9899773499999984 4.529528216666665
128 4.25 0.7399532583333319 2.017598750000001 1.3910434833333334 0.3047116066666663 1.1994656333333318 10.250058333333323 2.6286253333333325 4.801218683333332
129 4.283330000000027 0.7456536583333329 2.095886283333332 1.4059579500000015 0.3129123383333336 1.1911098499999997 10.500166666666669 2.929134216666666 5.1087378
130 4.316670000000013 0.7515857366666662 2.1760297666666673 1.417819666666667 0.32131148166666645 1.1821852000000002 10.752279333333322 2.795260366666666 5.406787150000001
131 4.349999999999952 0.7552891116666671 2.2578164500000004 1.4026818166666668 0.3297497800000001 1.1744178333333333 11.00661499999999 2.448512999999999 5.671910949999995
132 4.383329999999981 0.7589375500000005 2.3412626666666654 1.38862565 0.33823205500000003 1.1664090333333335 11.263104833333353 2.055191049999999 5.897869933333331
133 4.416670000000034 0.7651630449999992 2.4266776333333344 1.360756833333332 0.34667103166666646 1.1573319333333338 11.521482499999987 1.6838679500000002 6.085830350000001
134 4.449999999999982 0.7661237016666665 2.5134958000000003 1.3245787666666673 0.3550101250000003 1.1501123333333343 11.78214033333333 1.3647077000000005 6.240472183333333
135 4.483330000000021 0.7689358800000001 2.6019428833333325 1.2801491333333332 0.3631905883333335 1.1409695666666666 12.044613833333328 1.1166712516666668 6.36891095
136 4.516669999999979 0.7693302399999988 2.6917562333333334 1.2301867833333342 0.3711691783333329 1.135237533333334 12.309666499999997 0.9566848666666664 6.48059038333333
137 4.550000000000021 0.7701575583333327 2.7829979833333325 1.1814924283333335 0.37894549500000024 1.1267358833333336 12.576634166666674 0.8731800866666668 6.584032033333337
138 4.5833299999999655 0.7711258766666659 2.8756978833333324 1.1405147816666663 0.38656245833333314 1.1188910333333346 12.845638333333344 0.8428912649999997 6.685353600000003
139 4.6166700000000125 0.7715383366666672 2.9698016666666645 1.094958556666666 0.3939819316666664 1.1131780333333334 13.117177333333332 0.8627268433333326 6.7905734666666655
140 4.650000000000052 0.7723086633333329 3.065363950000001 1.0586417816666658 0.40125930166666657 1.1062517833333345 13.390935166666662 0.9206612849999997 6.904486850000003
141 4.683329999999976 0.7715486200000008 3.1622063666666658 1.0261340300000004 0.40841468833333316 1.0993470166666652 13.666900666666667 1.0172304533333336 7.032159433333333
142 4.716669999999957 0.7720681733333333 3.2604980499999994 0.9908500433333339 0.41542270666666653 1.0929516666666677 13.945181833333342 1.1590855666666657 7.1797144999999984
143 4.75 0.7714255550000003 3.3601010166666665 0.9653669533333324 0.42234733833333316 1.0872249999999994 14.225925166666663 1.3409058500000006 7.35283705
144 4.783330000000046 0.7711767300000003 3.461074383333332 0.9416723483333332 0.42919718666666645 1.0818249833333342 14.50921616666665 1.5542211999999993 7.556326616666666
145 4.816670000000028 0.7704450566666673 3.5633624499999983 0.9307970283333339 0.43606258166666645 1.0757354666666672 14.794847833333314 1.7598697666666665 7.789964366666668
146 4.849999999999947 0.7712645566666664 3.667181866666666 0.9115326283333339 0.4428793033333329 1.0711230500000002 15.083206500000003 1.8922742499999985 8.044668499999997
147 4.883329999999995 0.7705292266666669 3.7723328833333367 0.9040323283333329 0.4497331449999998 1.0652370833333338 15.373934999999989 1.9068235666666653 8.30487105
148 4.916670000000037 0.7703162250000002 3.878894533333335 0.9010021416666658 0.4566575866666668 1.0611846666666658 15.667523999999993 1.7959808666666652 8.553304916666654
149 4.9499999999999655 0.7699816283333328 3.986859266666666 0.8947204183333333 0.463627276666667 1.0565279833333332 15.96380466666668 1.6342888166666667 8.782448283333332
150 4.983330000000021 0.7708174650000001 4.096401683333332 0.891904596666666 0.4706689266666668 1.0529977833333333 16.263082999999998 1.5357561166666658 9.000686133333344
151 5.016669999999979 0.7706549883333336 4.207391016666668 0.889639176666667 0.47778705666666627 1.0490367666666671 16.56523733333333 1.549423366666667 9.223821683333343
152 5.050000000000037 0.772341513333333 4.320106183333329 0.8912645466666661 0.4850131883333333 1.0463219333333336 16.870629999999988 1.6631533999999992 9.466528566666671
153 5.083329999999962 0.7734493983333336 4.434478450000006 0.893784665 0.492355745 1.042372083333334 17.17890000000002 1.8286295833333335 9.736918933333325
154 5.116669999999999 0.7742570316666672 4.5504761999999985 0.8983563883333335 0.4998330150000005 1.0401458166666666 17.490559500000035 1.9668041999999988 10.031567800000005
155 5.150000000000055 0.7758454683333323 4.668231400000002 0.9070123116666667 0.5074809566666671 1.0384965433333346 17.80578983333334 2.0091408000000013 10.336492833333338
156 5.183329999999963 0.7775536099999997 4.787778949999995 0.911346190000001 0.5152652383333337 1.0370061483333335 18.12465333333334 1.9010845833333325 10.628765166666659
157 5.216669999999941 0.7787270900000008 4.909051283333336 0.9159716433333331 0.5231900383333332 1.037668466666668 18.447843166666672 1.6757006833333332 10.889709499999997
158 5.25 0.7806876083333336 5.032187666666674 0.925081868333334 0.5312962250000004 1.0373434983333334 18.775069166666665 1.414724433333333 11.112840166666667
159 5.283330000000061 0.7827582950000004 5.157223533333325 0.9372825033333332 0.5396139083333338 1.0375918166666676 19.106548500000013 1.198996250000001 11.30435483333334
160 5.31667000000004 0.7859358416666675 5.2843560000000025 0.9454819316666658 0.548110615 1.0372005600000005 19.442090833333342 1.050788213333333 11.474318333333326
161 5.349999999999943 0.7879810200000005 5.413422766666664 0.9544261416666672 0.5567955750000002 1.040885283333333 19.783064999999976 0.9691614083333333 11.633055833333325
162 5.383330000000006 0.7912158150000005 5.544638933333332 0.9633448266666664 0.5656712966666668 1.0428020666666666 20.128933833333345 0.9227704266666668 11.786081166666664
163 5.416670000000039 0.7944787850000004 5.678033149999997 0.9700356933333338 0.5747196549999994 1.045004433333334 20.479841499999985 0.9006678083333323 11.937296666666667
164 5.449999999999952 0.7975472366666666 5.813595966666663 0.9835085233333338 0.584006948333334 1.047237883333333 20.835841833333337 0.8897958766666678 12.08853200000001
165 5.483330000000021 0.8019003866666669 5.951570666666671 0.9912689766666661 0.5934823599999999 1.0508301833333331 21.19744199999999 0.8947535850000002 12.242473833333323
166 5.516669999999979 0.8058551283333334 6.091917299999994 1.000509121666665 0.6031626516666666 1.0547080500000008 21.564806833333304 0.9146756599999993 12.401763333333337
167 5.5500000000000504 0.8088107616666669 6.234485700000001 1.0106882016666665 0.6130600516666662 1.057776833333334 21.937704999999998 0.9612699049999992 12.571197166666662
168 5.583329999999959 0.8129403733333341 6.379508566666663 1.0232511283333334 0.6232012033333331 1.061295483333334 22.31634950000001 1.0398188083333328 12.756684166666668
169 5.616669999999989 0.8161457333333334 6.526846449999998 1.0372598683333345 0.6336042633333338 1.0646028666666667 22.700722333333328 1.1409615333333323 12.962651166666669
170 5.650000000000058 0.8195263866666657 6.676556750000002 1.0424023700000005 0.644183356666667 1.067638883333333 23.090782166666663 1.239026783333333 13.188983999999973
171 5.683329999999953 0.8242372166666666 6.828908833333335 1.0509890483333342 0.6549758583333326 1.0712838999999994 23.486802499999996 1.2910564833333342 13.42760883333334
172 5.716669999999928 0.827190908333334 6.983606033333329 1.062214028333334 0.6660119216666661 1.0749356166666664 23.8888505 1.275893100000001 13.666210000000005
173 5.75 0.8310051333333329 7.140833833333335 1.0712938249999986 0.6772724400000003 1.077848533333332 24.296700000000012 1.2082599166666677 13.894799666666668
174 5.783330000000074 0.8347218983333332 7.300601783333339 1.0800786400000004 0.6887574233333335 1.0802994333333342 24.710234499999995 1.1253019666666673 14.110173833333334
175 5.816670000000051 0.839431613333333 7.463128249999995 1.0878979850000006 0.700459251666667 1.0834047999999987 25.12974966666664 1.0518331866666677 14.31381633333335
176 5.849999999999941 0.8425351966666664 7.628130416666675 1.0992384783333327 0.7124189483333335 1.0862841 25.55521516666666 1.0010312049999992 14.509846833333318
177 5.883330000000015 0.8469618400000004 7.79589526666666 1.1002897266666671 0.7245269283333332 1.0893557666666658 25.98676133333333 0.9762987416666667 14.703221833333316
178 5.9166700000000425 0.8498195216666657 7.966139366666666 1.1116995266666658 0.7368994900000001 1.0907235666666675 26.42375699999999 0.983286703333334 14.900190166666665
179 5.949999999999941 0.8534224233333337 8.139036549999988 1.1138566916666657 0.7494361116666667 1.0931335666666684 26.86666716666666 1.0127336383333332 15.105355666666659
180 5.983330000000021 0.8565375666666667 8.314514683333336 1.1256945999999988 0.7622482983333337 1.0942883666666667 27.315030166666645 1.0636881166666663 15.3232595
181 6.016669999999979 0.8599539833333334 8.492661199999992 1.1255621283333341 0.77520217 1.096748466666667 27.769418833333354 1.1298564499999997 15.557306666666669
182 6.050000000000061 0.8639035433333335 8.673614633333331 1.130961933333332 0.7883627949999998 1.0976119166666656 28.229216833333314 1.2124447166666663 15.811254166666695
183 6.083329999999957 0.8660199433333338 8.857015500000005 1.1305555799999993 0.80166406 1.1004115500000002 28.695285666666646 1.288191333333334 16.084044833333333
184 6.116669999999981 0.8695119433333334 9.043179249999989 1.133430183333334 0.8151456833333333 1.1001804333333338 29.166371833333322 1.3415112999999992 16.371249666666653
185 6.150000000000062 0.8711374900000001 9.231729666666658 1.1366023333333348 0.8288127883333333 1.1008164166666663 29.64288616666665 1.3511619000000015 16.663680999999997
186 6.183329999999943 0.8739360433333327 9.422941466666682 1.1384249683333345 0.8426505866666667 1.1011521333333325 30.12472183333334 1.3173452000000003 16.951893666666685
187 6.216669999999917 0.8759528066666665 9.616666616666672 1.1395812399999996 0.8566521166666669 1.1019755999999996 30.612133166666656 1.269536866666666 17.23264983333332
188 6.25 0.8790505249999997 9.813167366666672 1.138395566666666 0.8707895116666663 1.1027477500000014 31.105133666666685 1.2368670000000004 17.509121000000015
189 6.283330000000084 0.8804933833333337 10.012095583333336 1.1367649933333341 0.8850577533333327 1.102877933333334 31.60346283333333 1.2398737999999987 17.7892305
190 6.316670000000059 0.8827829766666667 10.213664500000002 1.1362461816666662 0.8994710166666667 1.1019003500000009 32.10664716666666 1.2743760833333335 18.080193666666652
191 6.3499999999999375 0.8846334200000003 10.417790166666665 1.1352156666666664 0.9140236716666663 1.1024043333333324 32.61538783333336 1.3421141999999997 18.389867999999993
192 6.383330000000024 0.8858167283333336 10.62434149999999 1.1336293683333352 0.9287089550000007 1.1012845833333342 33.128962166666675 1.4450827833333335 18.726811166666682
193 6.416670000000044 0.8877438950000002 10.833509333333337 1.1300552233333336 0.9435012183333331 1.1006828666666657 33.647631000000004 1.5853823666666662 19.10033833333334
194 6.449999999999931 0.8900212216666663 11.045402333333328 1.1282147000000005 0.9584232999999994 1.1003733500000006 34.171554166666674 1.7393383166666692 19.514403833333343
195 6.483330000000021 0.891386573333333 11.25981633333334 1.1280394283333322 0.973497571666667 1.0993573333333329 34.700421000000034 1.8588624500000004 19.9615105
196 6.516669999999979 0.8935407049999998 11.476961666666657 1.1234025883333332 0.9886646349999989 1.0981244333333335 35.234136499999956 1.8847149166666641 20.419509333333334
197 6.550000000000071 0.8942372216666672 11.696507833333339 1.1232267000000002 1.003984915 1.0968561666666656 35.77270616666667 1.7881823000000012 20.858507833333302
198 6.583329999999956 0.8963066966666656 11.91880716666667 1.118864576666666 1.019401466666668 1.0948077833333327 36.315755166666676 1.5988114999999992 21.255018500000002
199 6.616669999999973 0.8979405516666661 12.143771999999997 1.1183878583333338 1.0349677833333333 1.094480916666668 36.864152999999966 1.385846966666668 21.602203499999966
200 6.650000000000063 0.8986047116666669 12.371179833333345 1.1160211466666659 1.0506582166666667 1.0932762833333323 37.41747833333335 1.2123713333333337 21.90899833333331
201 6.683329999999936 0.9006348516666666 12.601388500000011 1.1144546966666675 1.0664838999999997 1.0910632833333336 37.9752365 1.0961314666666668 22.18916699999999
202 6.716669999999908 0.9015375466666665 12.834135499999995 1.1106873716666665 1.0824140166666674 1.0889395333333334 38.537473500000026 1.028310828333334 22.454624666666636
203 6.75 0.90275888 13.069514000000005 1.1105982133333339 1.0985013666666656 1.0872820333333346 39.10444033333334 0.9943827983333325 22.713879499999987
204 6.783330000000094 0.9035978100000004 13.307446333333342 1.1093679883333334 1.1147296999999996 1.0853991833333332 39.67603250000002 0.9758535666666662 22.97082733333332
205 6.816670000000067 0.9039440799999996 13.547811833333334 1.1044135700000002 1.1310449999999992 1.0833369666666663 40.25215499999999 0.9703936433333334 23.22884983333332
206 6.8499999999999375 0.9054840533333336 13.790948833333331 1.103082219999999 1.1475003166666666 1.0816373833333335 40.83301616666666 0.9727437216666669 23.490033833333317
207 6.883330000000027 0.9062209250000006 14.036659166666672 1.1010369733333334 1.1640852999999998 1.0793888833333332 41.41832366666661 0.9809981033333327 23.756006000000003
208 6.91667000000004 0.9062751616666664 14.284770333333345 1.0996115533333333 1.1808099500000009 1.0769766999999986 42.007993666666685 0.9971759000000012 24.028986500000006
209 6.949999999999924 0.9066659083333335 14.535385 1.096769321666667 1.1976519166666661 1.075596316666666 42.602597499999995 1.017964260000001 24.310352499999993
210 6.983330000000021 0.9072636316666673 14.788579500000004 1.0897975299999998 1.2145482000000016 1.0729011333333338 43.20141249999998 1.0506782300000002 24.603549666666655
211 7.016669999999979 0.9071326316666675 15.044151999999997 1.0899911916666662 1.2316090166666682 1.0706220333333334 43.80467783333336 1.0917964833333331 24.911139833333333
212 7.050000000000077 0.908551576666665 15.302570666666657 1.0879440483333338 1.24880025 1.0690197499999996 44.412772000000054 1.1404189500000004 25.235488999999976
213 7.083329999999971 0.9088195099999999 15.563510333333346 1.0838280633333326 1.266088383333333 1.066359683333332 45.02510649999999 1.1809091500000006 25.574534333333336
214 7.116669999999986 0.909116286666666 15.827000499999974 1.0820836083333336 1.2835114499999989 1.0636544666666674 45.641648499999974 1.2039225666666662 25.923449499999982
215 7.150000000000044 0.9094414466666679 16.093056666666662 1.0800754483333341 1.3010660000000014 1.061807049999999 46.26289849999997 1.2051667666666672 26.276002500000004
216 7.18332999999993 0.9101590666666673 16.361815833333335 1.0795606933333328 1.3187760166666669 1.0599361000000003 46.888847833333294 1.1894114833333334 26.62720083333336
217 7.2166699999999 0.9106378333333331 16.633215500000023 1.073307871666667 1.336547083333334 1.057084383333333 47.518924000000034 1.175685550000001 26.97757600000001
218 7.25 0.9105652633333328 16.90710150000001 1.0714219333333328 1.35445135 1.0554050833333333 48.15382200000003 1.1660360166666661 27.32829116666666
219 7.283330000000101 0.9115899500000004 17.183830166666677 1.069576938333333 1.3724891666666665 1.0531430333333323 48.7931963333333 1.1613217333333323 27.680809166666666
220 7.316670000000072 0.9111492350000006 17.46295799999999 1.06112203 1.3905489333333338 1.0505406833333324 49.436845500000004 1.1537351666666662 28.034235666666653
221 7.349999999999967 0.9118816316666681 17.744862500000025 1.0601799466666664 1.4087573166666654 1.0482933333333329 50.084983000000044 1.147161849999998 28.388859
222 7.383330000000001 0.9123288700000008 18.029471500000014 1.0631754366666664 1.4271830666666658 1.0461952833333312 50.73769849999999 1.140032383333333 28.74448283333335
223 7.416670000000011 0.913420411666666 18.316999666666664 1.0544750833333347 1.4456237000000005 1.0441677999999999 51.39504800000004 1.1310915499999998 29.10050966666667
224 7.449999999999917 0.9135901450000004 18.60716833333333 1.0540022666666666 1.4642218000000005 1.0423428333333329 52.05715949999996 1.1215387 29.45670833333331
225 7.483330000000022 0.913647918333333 18.899962999999985 1.0476541366666672 1.482873633333333 1.0405635166666667 52.7240693333333 1.1138313000000004 29.81363249999998
226 7.516669999999978 0.9145935900000004 19.195673 1.0435971049999995 1.5016195333333324 1.0382210833333336 53.395420000000016 1.1004683833333349 30.169427833333334
227 7.550000000000085 0.9150901649999997 19.494174166666657 1.0395471366666662 1.5204584500000007 1.0358974000000005 54.07122283333334 1.0873890166666655 30.524115166666675
228 7.5833299999999975 0.9160035766666671 19.795619666666656 1.038382913333333 1.5394427833333337 1.0343117499999999 54.7519585 1.0702808000000004 30.87631083333333
229 7.61667000000001 0.9160898366666679 20.09974833333334 1.0303296449999992 1.558446050000001 1.0329907833333327 55.43781916666667 1.0516725533333335 31.22543316666668
230 7.650000000000018 0.9172751683333333 20.406942833333336 1.027944438333334 1.5775710333333328 1.031417916666667 56.12864199999993 1.035037906666667 31.572048333333328
231 7.683329999999923 0.9177082349999997 20.716964833333346 1.0237244016666673 1.596784350000001 1.0295060666666662 56.82420699999995 1.0258069266666674 31.91857283333332
232 7.716669999999895 0.9186949333333339 21.030017666666676 1.0195281200000006 1.6160849333333338 1.0280111666666658 57.52480116666662 1.0214919166666676 32.26663633333334
233 7.75 0.9189144299999998 21.345861833333338 1.0168792099999995 1.6355023500000008 1.0268440200000006 58.230654499999986 1.0260848999999987 32.6192978333333
234 7.783330000000107 0.9203433583333324 21.664919500000007 1.011569823333334 1.6549848500000008 1.024829281666667 58.94119883333328 1.0429416566666683 32.980835833333344
235 7.816670000000078 0.9210649099999997 21.986969499999997 1.0095388266666665 1.674595366666667 1.0236239666666669 59.656999500000055 1.0638318166666685 33.352787
236 7.8499999999999925 0.9221261600000003 22.312146166666682 1.003368213333333 1.6942522000000015 1.0223728283333322 60.37803683333333 1.084946116666667 33.735362333333356
237 7.8833299999999795 0.9229383150000007 22.640378166666665 1.0008441199999996 1.714026433333333 1.0217126016666669 61.10473950000002 1.0934678999999996 34.124221166666636
238 7.916669999999986 0.9234029883333331 22.971560500000002 0.9984197666666669 1.7339205166666671 1.0209008166666662 61.83702216666672 1.0831180666666669 34.512666333333314
239 7.9499999999999105 0.9247344883333329 23.3060165 0.9945014999999994 1.7539032333333344 1.0198729283333337 62.57473599999999 1.0541898833333334 34.89392566666667
240 7.983330000000022 0.9263498433333336 23.643872833333322 0.9877199583333334 1.7739162833333342 1.0185108516666668 63.31765683333336 1.0171471866666666 35.264880000000005
241 8.016669999999978 0.9272101599999998 23.984873833333328 0.9879606983333322 1.7941021166666675 1.017999831666667 64.06641749999999 0.98024772 35.62536799999999
242 8.050000000000091 0.9283683133333335 24.329145999999994 0.9830617016666664 1.8143549666666672 1.0172723016666665 64.82088150000006 0.9560208549999994 35.979875000000014
243 8.083330000000021 0.9283341883333336 24.676265166666656 0.9817970233333332 1.8347498166666663 1.0163551316666648 65.58091933333328 0.9468996549999997 36.33391649999999
244 8.116669999999983 0.9299484099999997 25.026854833333324 0.9795323433333333 1.8552659499999975 1.015352825 66.34648116666666 0.9434968549999995 36.68959983333337
245 8.149999999999993 0.9308777266666668 25.380688833333338 0.9764334483333327 1.8758850833333343 1.0155365549999995 67.11848516666669 0.9498919833333338 37.0506395
246 8.18332999999992 0.9324099483333335 25.738006333333335 0.9765346950000001 1.896675616666666 1.0151133433333333 67.89649233333334 0.9574511650000002 37.417534666666704
247 8.216669999999889 0.9330500083333326 26.09849316666669 0.9737665016666663 1.9175767000000008 1.0142157483333345 68.68015683333338 0.9667970766666675 37.79104100000001
248 8.25 0.9350943849999999 26.46270466666667 0.9718742450000007 1.9386064333333335 1.0143095350000002 69.47026416666658 0.9796787316666666 38.17259683333336
249 8.283330000000113 0.9361352716666654 26.83027166666667 0.9706374399999991 1.9597792166666674 1.0139287199999998 70.26647066666668 0.9934790783333334 38.562663166666674
250 8.316670000000082 0.9366203049999998 27.200995666666703 0.9690590983333336 1.9810885 1.0145248683333348 71.06957166666662 1.0119388283333342 38.963178833333366
251 8.350000000000014 0.9380067566666666 27.57525199999999 0.9703670116666664 2.0025979833333323 1.013778405 71.87852850000003 1.0313517366666667 39.37465500000005
252 8.383330000000006 0.9396075833333332 27.953147666666645 0.9661749549999988 2.0241850833333332 1.014238233333335 72.69432566666667 1.0580817333333328 39.80017616666668
253 8.416669999999963 0.9412536933333339 28.334716666666633 0.9692997049999991 2.0460152333333355 1.0139946849999992 73.51642300000007 1.0891682999999985 40.241687166666665
254 8.449999999999905 0.9421736383333327 28.71969383333332 0.9696875499999997 2.068027616666666 1.0137325416666667 74.34483349999995 1.1229180666666678 40.70049533333335
255 8.483330000000022 0.9428374700000006 29.107986333333333 0.9684644999999991 2.0901854999999996 1.0138459799999997 75.17988483333339 1.152140766666666 41.17496300000003
256 8.516669999999978 0.9443457566666666 29.499959999999987 0.9675389200000012 2.1124967833333326 1.0143049983333343 76.02189666666663 1.1740060000000012 41.66223900000003
257 8.550000000000095 0.9455590216666663 29.89551983333332 0.9700381316666657 2.1350410833333324 1.0145749266666673 76.87073299999994 1.181299583333333 42.15639066666667
258 8.583330000000043 0.9471815199999999 30.294850500000024 0.9668910666666674 2.15768773333333 1.0138431599999997 77.72558533333337 1.1791244166666652 42.6534861666667
259 8.616670000000003 0.9485550383333331 30.697875999999983 0.9684904133333344 2.1805486166666688 1.014504365000001 78.58765333333328 1.1695559500000003 43.15038200000003
260 8.649999999999974 0.9496407066666668 31.10448599999998 0.9669162316666658 2.2035490333333327 1.0145661283333332 79.45645516666661 1.1614001166666654 43.64763816666667
261 8.683329999999915 0.9517609733333332 31.515155666666676 0.9704193783333342 2.226811349999999 1.0146927233333343 80.33207583333328 1.152030266666667 44.144693499999995
262 8.716669999999882 0.9523236516666668 31.929226333333336 0.9707032350000003 2.2502590500000004 1.0145775683333336 81.2143326666667 1.1449271666666663 44.64248316666663
263 8.75 0.9544079033333338 32.347383333333354 0.9710230816666668 2.273894533333332 1.0145618 82.10333550000007 1.1384456166666659 45.141250666666664
264 8.783330000000118 0.9555489916666668 32.76923733333333 0.9729905933333329 2.297758583333333 1.0145693100000004 82.99913216666664 1.1301150000000002 45.6401448333333
265 8.816670000000087 0.9568651116666674 33.19488283333335 0.9718466166666673 2.3217754833333304 1.0144151466666662 83.90160216666672 1.1215436833333332 46.13901966666663
266 8.850000000000033 0.9589785283333337 33.62470100000003 0.9739825366666663 2.3460281000000007 1.0145600166666653 84.81103933333326 1.1085074666666679 46.63583299999997
267 8.883329999999987 0.9599580233333334 34.05820749999998 0.9775808783333336 2.3705538666666683 1.013586748333334 85.72646216666674 1.0899214333333327 47.12800183333328
268 8.916669999999945 0.9617182033333328 34.49577333333334 0.9757851066666666 2.3952184166666664 1.014402048333333 86.64950783333329 1.0661745333333335 47.61306600000005
269 8.9499999999999 0.9633157583333342 34.93734500000002 0.9793261483333318 2.4201583833333355 1.014655826666667 87.57970150000003 1.0417607766666659 48.09057550000001
270 8.983330000000022 0.9645064316666663 35.38276483333332 0.9791827199999985 2.4452802666666673 1.0135149099999996 88.51578566666664 1.017102056666667 48.56025966666664
271 9.016669999999978 0.9660690499999993 35.83222250000002 0.9809979766666674 2.4706356499999975 1.0134780799999994 89.45878883333334 0.9975925933333342 49.02436100000004
272 9.0500000000001 0.9676547150000009 36.28575166666665 0.9814940783333329 2.4961924999999985 1.0133302516666673 90.40864366666672 0.9839983683333342 49.48552966666669
273 9.083330000000062 0.9690389066666664 36.74328566666667 0.9824202183333332 2.5219619499999997 1.0129836750000005 91.365182 0.9756105849999999 49.94614166666665
274 9.11667000000002 0.9710697316666672 37.20514749999999 0.9841747899999997 2.5479670500000022 1.0126756600000013 92.3284578333334 0.9742665616666678 50.4094996666667
275 9.149999999999956 0.9721235816666665 37.670897666666676 0.983135156666667 2.5741351833333352 1.013318366666666 93.29940699999997 0.9782130250000006 50.878144500000005
276 9.18332999999991 0.9739209883333327 38.14091683333334 0.9866054800000003 2.6005873333333374 1.012619208333334 94.2767696666667 0.985981298333333 51.35395716666668
277 9.216669999999878 0.9751210216666679 38.61493233333339 0.9850201133333332 2.6271889333333363 1.0132475800000005 95.26185000000005 0.9979064733333348 51.83902633333332
278 9.25 0.9760428650000015 39.09283799999999 0.9874835433333341 2.654050449999999 1.0130957216666672 96.25392116666667 1.0106422283333318 52.33384783333332
279 9.283330000000124 0.977054625 39.574693166666655 0.9859148916666677 2.6810627333333303 1.0133902016666667 97.25344300000002 1.0233781066666656 52.8385233333333
280 9.31667000000009 0.978720633333333 40.06084283333335 0.987735491666669 2.708319783333335 1.0135068000000007 98.26027050000006 1.0329822649999991 53.35160249999995
281 9.350000000000051 0.9799069199999987 40.55106866666663 0.9875985150000006 2.7357686333333358 1.0134540400000003 99.2742676666666 1.035585916666667 53.869655833333354
282 9.383329999999969 0.9812608516666663 41.045482333333275 0.9881351083333328 2.7634283166666647 1.0134912283333337 100.29555116666656 1.0299897599999994 54.388594333333344
283 9.416669999999927 0.9827556149999999 41.544167166666654 0.9876612799999998 2.7912715500000034 1.0144888366666662 101.32508166666663 1.0179662216666665 54.9051233333333
284 9.449999999999896 0.9830804166666667 42.04656133333333 0.9842972833333337 2.8192163999999997 1.0148390666666662 102.36233000000003 1.000192113333334 55.41623366666667
285 9.483330000000022 0.9844537233333339 42.553207166666645 0.9900543550000003 2.8475236999999973 1.0148370449999997 103.4068733333333 0.9837299183333342 55.92248400000004
286 9.516669999999978 0.9853360799999997 43.06388299999993 0.9873147733333318 2.8759513166666646 1.014684856666666 104.45859499999993 0.9684251933333325 56.424367166666656
287 9.550000000000104 0.9864717500000006 43.5787335 0.9887221516666664 2.904619633333334 1.0147932433333338 105.5178316666667 0.9569546983333339 56.923784833333315
288 9.58333000000008 0.9873685449999996 44.09765216666666 0.986427561666667 2.9334206999999974 1.0152600316666665 106.58495666666674 0.951602066666666 57.42388716666666
289 9.616670000000038 0.9889115433333319 44.62100700000002 0.9878754083333329 2.962465733333333 1.0154078300000002 107.65968333333319 0.9490055233333332 57.9260943333333
290 9.64999999999994 0.9887186400000005 45.14789266666662 0.9864352499999995 2.991669733333335 1.015317041666667 108.74178500000004 0.9497725800000001 58.43220299999991
291 9.683329999999907 0.990209873333333 45.67922416666664 0.9858293466666682 3.0210574333333335 1.015737955000001 109.83184499999993 0.9505296066666669 58.94221649999997
292 9.716669999999873 0.9910176250000005 46.21465783333337 0.9841103033333332 3.050596533333334 1.0162565166666668 110.92994000000002 0.9533526783333336 59.45727216666666
293 9.75 0.9921350800000005 46.7543821666667 0.9851527716666656 3.0803700000000007 1.0158027516666672 112.03510500000006 0.9577179266666671 59.978246166666686
294 9.783330000000127 0.9922381316666667 47.29785449999994 0.9836297333333327 3.110301066666666 1.0167764400000006 113.1488966666665 0.9621565550000012 60.50521883333336
295 9.816670000000094 0.9930736616666678 47.84549850000001 0.9848335533333329 3.140473216666667 1.016093053333335 114.26955166666662 0.966455465 61.03815700000003
296 9.850000000000069 0.993526886666667 48.39712016666667 0.9797134349999997 3.17069248333333 1.0166233983333344 115.39842000000002 0.9710916416666665 61.57729366666666
297 9.883329999999955 0.994363938333332 48.95294899999997 0.9805925116666666 3.201144350000001 1.0165960016666669 116.53489666666668 0.9757198733333331 62.12267083333337
298 9.916669999999911 0.9946279049999996 49.5126845 0.9775775916666664 3.2317074499999996 1.0164151383333322 117.67885833333337 0.9799543216666672 62.67412216666668
299 9.949999999999893 0.9952453500000004 50.07653866666665 0.9771722816666671 3.262463983333331 1.016860521666666 118.8310383333335 0.9839981233333337 63.231573833333314
300 9.983330000000022 0.9956554716666659 50.64440866666666 0.9741256849999993 3.293329783333334 1.017048251666665 119.99113999999999 0.986012518333334 63.793915833333365
