5200000 0.11946361751678977 
5250000 0.11926821420476394 
5300000 0.11924163430574442 
5350000 0.1192030938284033 
5400000 0.11920540637374355 
5450000 0.11897197911852662 
5500000 0.11902470675151473 
5550000 0.11937611976492535 
5600000 0.11917109732580809 
5650000 0.11889894982949419 
5700000 0.11934078878695083 
5750000 0.11920524597051894 
5800000 0.11925464014319731 
5850000 0.11928534726148252 
5900000 0.11929091559073816 
5950000 0.11911917201468192 
6000000 0.11908269542523736 
6050000 0.1193987581851114 
6100000 0.11914297941373146 
6150000 0.11904648212609677 
6200000 0.11908999481714433 
6250000 0.1188351828222165 
6300000 0.11907441590616759 
6350000 0.11912722501767599 
6400000 0.11944544846652697 
6450000 0.1190589418709409 
6500000 0.11916808576719365 
6550000 0.11920599773322012 
6600000 0.11900402051345932 
6650000 0.11919264106630563 
6700000 0.11929878398991123 
6750000 0.11886030570058187 
6800000 0.11911362697531845 
6850000 0.11938521692573266 
6900000 0.11918245142155272 
6950000 0.1192231600005873 
7000000 0.11919997396789124 
7050000 0.1192945626293876 
7100000 0.11928206125580963 
7150000 0.11906384633389909 
7200000 0.11918342086345841 
7250000 0.11908932768446025 
7300000 0.11904393990432798 
7350000 0.11916916512232713 
7400000 0.11924868143365794 
7450000 0.1191637312061192 
7500000 0.11916202955420101 
7550000 0.11922116410818401 
7600000 0.119218896239802 
7650000 0.11926946412757622 
7700000 0.1190016791310383 
7750000 0.11914141405558666 
7800000 0.1190649359854082 
7850000 0.11927321267686787 
7900000 0.11929057807575434 
7950000 0.11931666935448386 
8000000 0.11888645548349773 
8050000 0.11941645432538472 
8100000 0.11892854626971923 
8150000 0.11923044484633374 
