0 0.14377862646576017 
2320 0.14377862646576017 
50000 0.14377862646576017 
100000 0.14377862646576017 
150000 0.14377862646576017 
200000 0.14377862646576017 
250000 0.14377862646576017 
300000 0.14377862646576017 
350000 0.14377862646576017 
400000 0.14377862646576017 
450000 0.14377862646576017 
500000 0.14377862646576017 
550000 0.14377862646576017 
600000 0.14377862646576017 
650000 0.14377862646576017 
700000 0.14377862646576017 
750000 0.14377862646576017 
800000 0.14377862646576017 
850000 0.14377862646576017 
900000 0.14377862646576017 
950000 0.14377862646576017 
1000000 0.14377862646576017 
1050000 0.14377862646576017 
1100000 0.14377862646576017 
1150000 0.14377862646576017 
1200000 0.11885116900492847 
1250000 0.11878087369384908 
1300000 0.11898461706195722 
1350000 0.11871974102191826 
1400000 0.11877871157609657 
1450000 0.11892815577834917 
1500000 0.11854730061965708 
1550000 0.11875414078394457 
1600000 0.11893917823242367 
1650000 0.11883749406024524 
1700000 0.1189288916268845 
1750000 0.11887446723577995 
1800000 0.11889639861731535 
1850000 0.11878922234221158 
1900000 0.11880971107751646 
1950000 0.11880551525432728 
2000000 0.11902332759962071 
2050000 0.11898187517125874 
2100000 0.11885443518232101 
2150000 0.11878350933013702 
2200000 0.11902465106108122 
2250000 0.1190985470241029 
2300000 0.11895557998917862 
2350000 0.11912504189227445 
2400000 0.11914043830659095 
2450000 0.11899875757763612 
2500000 0.11899369078271418 
2550000 0.11880909282415882 
2600000 0.1191842426858333 
2650000 0.11888053434422197 
2700000 0.11878871390321376 
2750000 0.11887331221783913 
2800000 0.11901271054437347 
2850000 0.11893752317036599 
2900000 0.11912794183893259 
2950000 0.11902522229298208 
3000000 0.11883770785347489 
3050000 0.11869550460730703 
3100000 0.11923658671828032 
3150000 0.11893518091259155 
3200000 0.11893908511374812 
3250000 0.11871692261827502 
3300000 0.1189178242082706 
3350000 0.119092269286755 
3400000 0.11886540269429463 
3450000 0.11919543234125121 
3500000 0.11892114221909658 
3550000 0.11881922709990156 
3600000 0.11881602506036422 
3650000 0.11880683195920823 
3700000 0.11917848984516316 
3750000 0.11892218591675081 
3800000 0.11893350852695551 
3850000 0.11907142637947218 
3900000 0.11914753724419481 
3950000 0.11873362539219905 
4000000 0.11896188930211243 
4050000 0.1188178347101418 
4100000 0.11916422278364477 
4150000 0.11940742493238118 
4200000 0.11909554124487147 
4250000 0.11907994804384778 
4300000 0.118787822623875 
4350000 0.11904157099953476 
4400000 0.11906756623849525 
4450000 0.11888221315758522 
4500000 0.11896137409726562 
4550000 0.11864343684704652 
4600000 0.11916450955703861 
4650000 0.11893929814135384 
4700000 0.1189595042622151 
4750000 0.11913063601259381 
4800000 0.11911639541812735 
4850000 0.11899924364948264 
4900000 0.1189274282940182 
4950000 0.11882108367993945 
5000000 0.11921464649133741 
5050000 0.11904990914248584 
5100000 0.11902301107083936 
5150000 0.11902674983971419 
