1 0.01666670000000003 0.0 0.0 0.0 0.0 0.0 0.0 0.0 0.0
2 0.05000000000000049 0.0 0.0 0.0 0.0 0.0 0.0 0.0 0.0
3 0.08333329999999965 0.0 0.0 0.0 0.0 0.0 0.0 0.0 0.0
4 0.11666700000000027 0.0 0.0 0.0 0.0 0.0 0.0 0.0 0.0
5 0.1500000000000009 0.0 0.0 0.0 0.0 0.0 0.0 0.0 0.0
6 0.18333300000000133 0.0 0.0 0.0 0.0 0.0 0.0 0.0 0.0
7 0.21666700000000086 0.0 0.0 0.0 0.0 0.0 0.0 0.0 0.0
8 0.25 0.0 0.0 0.0 0.0 0.0 0.0 0.0 0.0
9 0.2833329999999991 0.0 0.0 0.0 0.0 0.0 0.0 0.0 0.0
10 0.3166669999999973 0.0 0.0 0.0 0.0 0.0 0.0 0.0 0.0
11 0.34999999999999637 0.0 0.0 0.0 0.0 0.0 0.0 0.0 0.0
12 0.38333299999999526 0.0 0.0 0.0 0.0 0.0 0.0 0.0 0.0
13 0.4166669999999956 0.0 0.0 0.0 0.0 0.0 0.0 0.0 0.0
14 0.44999999999999496 0.0 0.0 0.0 0.0 0.0 0.0 0.0 0.0
15 0.48333299999999707 0.0 0.0 0.0 0.0 0.0 0.0 0.0 0.0
16 0.5166670000000018 0.0 0.0 0.0 0.0 0.0 0.0 0.0 0.0
17 0.5500000000000062 0.0 0.0 0.0 0.0 0.0 0.0 0.0 0.0
18 0.5833329999999984 0.0 0.0 0.0 0.0 0.0 0.0 0.0 0.0
19 0.6166670000000055 0.0 0.0 0.0 0.0 0.0 0.0 0.0 0.0
20 0.6499999999999948 0.0 0.0 0.0 0.0 0.0 0.0 0.0 0.0
21 0.6833330000000036 0.0 0.0 0.0 0.0 0.0 0.0 0.0 0.0
22 0.7166669999999895 0.0 0.0 0.0 0.0 0.0 0.0 0.0 0.0
23 0.75 0.0 0.0 0.0 0.0 0.0 0.0 0.0 0.0
24 0.7833330000000119 0.0 0.0 0.0 0.0 0.0 0.0 0.0 0.0
25 0.8166669999999961 0.0 0.0 0.0 0.0 0.0 0.0 0.0 0.0
26 0.8500000000000093 0.0 0.0 0.0 0.0 0.0 0.0 0.0 0.0
27 0.8833329999999943 0.0 0.0 0.0 0.0 0.0 0.0 0.0 0.0
28 0.9166670000000037 0.0 0.0 0.0 0.0 0.0 0.0 0.0 0.0
29 0.9499999999999975 0.0 0.0 0.0 0.0 0.0 0.0 0.0 0.0
30 0.9833330000000067 0.0 0.0 0.0 0.0 0.0 0.0 0.0 0.0
31 1.0166699999999878 0.0 0.0 0.0 0.0 0.0 0.0 0.0 0.0
32 1.0499999999999978 0.0 0.0 0.0 0.0 0.0 0.0 0.0 0.0
33 1.083330000000004 0.0 0.0 0.0 0.0 0.0 0.0 0.0 0.0
34 1.1166699999999994 0.0 0.0 0.0 0.0 0.0 0.0 0.0 0.0
35 1.1499999999999873 0.0 0.0 0.0 0.0 0.0 0.0 0.0 0.0
36 1.1833299999999938 0.0 0.0 0.0 0.0 0.0 0.0 0.0 0.0
37 1.2166700000000124 0.0 0.0 0.0 0.0 0.0 0.0 0.0 0.0
38 1.25 0.0 0.0 0.0 0.0 0.0 0.0 0.0 0.0
39 1.283329999999987 0.0 0.0 0.0 0.0 0.0 0.0 0.0 0.0
40 1.31667000000001 0.0 0.0 0.0 0.0 0.0 0.0 0.0 0.0
41 1.3500000000000143 0.0 0.0 0.0 0.0 0.0 0.0 0.0 0.0
42 1.3833300000000006 0.0 0.0 0.0 0.0 0.0 0.0 0.0 0.0
43 1.416669999999986 0.0 0.0 0.0 0.0 0.0 0.0 0.0 0.0
44 1.450000000000014 0.0 0.0 0.0 0.0 0.0 0.0 0.0 0.0
45 1.4833300000000158 0.0 0.0 0.0 0.0 0.0 0.0 0.0 0.0
46 1.516669999999984 0.0 0.0 0.0 0.0 0.0 0.0 0.0 0.0
47 1.5499999999999838 0.0 0.0 0.0 0.0 0.0 0.0 0.0 0.0
48 1.5833300000000172 0.0 0.0 0.0 0.0 0.0 0.0 0.0 0.0
49 1.6166699999999994 0.0 0.0 0.0 0.0 0.0 0.0 0.0 0.0
50 1.6499999999999844 0.0 0.0 0.0 0.0 0.0 0.0 0.0 0.0
51 1.6833299999999825 0.0 0.0 0.0 0.0 0.0 0.0 0.0 0.0
52 1.716670000000015 0.0 0.0 0.0 0.0 0.0 0.0 0.0 0.0
53 1.75 0.0 0.0 0.0 0.0 0.0 0.0 0.0 0.0
54 1.7833299999999845 0.0 0.0 0.0 0.0 0.0 0.0 0.0 0.0
55 1.8166700000000129 0.0 0.0 0.0 0.0 2.1850666666666666e-06 8.2672e-08 0.0 0.0
56 1.8500000000000076 0.0 0.0 0.0 0.0 1.8987716666666664e-05 8.267200000000002e-07 0.0 0.0
57 1.88332999999999 0.0 0.0 0.0 0.0 0.00010184819999999998 4.960319666666668e-06 0.0 0.0
58 1.91666999999999 0.0 0.0 0.0 0.0 0.0003558900666666669 1.9923949999999947e-05 0.0 0.0
59 1.950000000000022 0.0 0.0 0.0 0.0 0.0011832932666666668 7.142864033333348e-05 0.0 0.0
60 1.9833300000000176 0.0 0.0 0.0 0.0 0.0033088167166666687 0.0002204035548333325 3.67449e-05 8.267191666666667e-07
61 2.016669999999982 0.0 0.0 0.0 0.0 0.007505299400000001 0.000569775141666666 0.015131868133333335 0.00035300923049999896
62 2.0499999999999767 0.0 0.0 0.0 0.0 0.015105480466666675 0.001296379249999991 0.038623984166666674 0.0012819121816666555
63 2.0833300000000037 0.0 0.0 0.0 0.0 0.028797635116666668 0.0027270171833333316 0.01222142238333334 0.001585481333333319
64 2.1166700000000214 0.0 0.0 0.0 0.0 0.04861017499999997 0.00521982475 0.00027091109999999996 0.0015924258333333192
65 2.150000000000006 0.0 0.0 0.0 0.0 0.07567510133333338 0.009223712016666658 0.02037622211666665 0.002131448416666672
66 2.1833300000000007 0.0 0.0 0.0 0.0 0.11189193350000001 0.015328785333333346 0.06050571650000003 0.0037820762166666582
67 2.2166700000000166 4.409493333333333e-06 1.24008e-07 0.0 0.0 0.15844110000000003 0.024239665500000007 0.05160410733333338 0.0052331351333333356
68 2.25 1.427118e-05 5.373680000000001e-07 0.0 0.0 0.21280603166666648 0.036570684500000054 0.07721167866666673 0.007470073166666654
69 2.2833299999999834 0.00012192390333333331 4.174935999999998e-06 0.0 0.0 0.2758320749999999 0.05303083933333334 0.11345976066666666 0.010855326733333363
70 2.316669999999995 0.00039162000999999993 1.6203711500000014e-05 0.0 0.0 0.34454146999999985 0.0741957666666666 0.11709380616666666 0.014451708499999981
71 2.3499999999999868 0.0012987070433333342 5.725035633333338e-05 0.0 0.0 0.42264866166666654 0.10091129200000011 0.11005521433333337 0.01792988916666666
72 2.3833299999999684 0.003138220003333329 0.00015926760199999946 4.5801166666666664e-05 8.2672e-08 0.5031853699999997 0.13362631000000016 0.09108714416666676 0.020890864333333335
73 2.416670000000006 0.006850132633333331 0.00038822751833333274 0.0005786475000000001 1.1574079999999995e-06 0.5862736216666673 0.172817135 0.05893947916666665 0.02286079250000001
74 2.450000000000027 0.013540421283333331 0.000853381473333335 0.003421561833333334 7.68849599999998e-06 0.671638843333333 0.21896131833333343 0.05541144283333336 0.024764228833333325
75 2.4833300000000187 0.023396977166666666 0.0016791500666666693 0.016463852166666668 3.997191116666678e-05 0.7574161283333334 0.2724243599999998 0.04233866283333336 0.026258450333333294
76 2.516669999999981 0.03802378266666663 0.0030574155833333313 0.057658707833333316 0.00015608472916666617 0.8420487700000002 0.33346760166666656 0.016459303850000002 0.0268549746666667
77 2.5499999999999723 0.056670742666666656 0.0051663771333333355 0.15442948166666667 0.00047536379833333214 0.9289905250000002 0.402609053333333 0.004265563933333335 0.02701369516666662
78 2.5833299999999904 0.07987068716666666 0.00821693113333333 0.3460403050000004 0.0012096149083333325 1.0064870750000001 0.4794896916666667 0.0031909723333333334 0.027135553499999913
79 2.616670000000039 0.10647285550000005 0.012389136166666672 0.6544696966666667 0.0026343833000000015 1.0857585333333344 0.5645795366666664 0.007034165266666674 0.027411220333333267
80 2.650000000000022 0.13687078166666689 0.017890004666666657 1.0639671966666666 0.005010003083333332 1.1554285333333347 0.6574510683333336 0.029680015816666662 0.028603989499999993
81 2.6833300000000135 0.1682309550000001 0.024822419999999963 1.5573693499999999 0.008575314083333334 1.2233490666666658 0.7582709933333336 0.19358279166666667 0.036580686333333334
82 2.716670000000018 0.2023537466666667 0.033369376666666624 2.0625599666666674 0.013415179833333329 1.2853717 0.8668507033333333 0.9316224166666673 0.07592824066666665
83 2.75 0.23541955833333336 0.04355849083333336 2.5269738999999993 0.01949115416666666 1.3424679500000003 0.983053365 2.7136615166666633 0.19337068833333332
84 2.783329999999982 0.26729799500000023 0.055409476833333283 2.8942749166666646 0.026620081333333333 1.394810599999999 1.1067314000000006 4.7720912 0.4049356750000002
85 2.816669999999984 0.29861213333333314 0.06896780049999998 3.1933448999999965 0.03467518316666668 1.441047500000002 1.2375877166666671 5.527183249999999 0.6558811266666666
86 2.849999999999973 0.3295966683333334 0.08428922799999997 3.346270466666667 0.04331696400000007 1.4823390499999989 1.3753984499999987 4.781223183333325 0.8781266366666669
87 2.883329999999954 0.3587570249999997 0.1013585741666667 3.4110840833333347 0.052333415000000036 1.5209077166666671 1.5201216999999996 3.557212283333334 1.0473671166666667
88 2.9166700000000167 0.38492975166666665 0.12009915666666679 3.3848050666666674 0.061488466666666686 1.553498733333332 1.6713833833333336 2.6117234666666627 1.1745133333333326
89 2.95000000000003 0.4100290799999997 0.14052051333333346 3.2858321500000027 0.07058010849999997 1.5774644833333338 1.8285101833333313 2.158725683333334 1.282022283333333
90 2.9833300000000196 0.43224352166666685 0.16253753999999998 3.1515229166666647 0.07949834549999991 1.60314565 1.9918237166666657 1.917813700000001 1.3797042666666668
91 3.0166699999999804 0.45373551333333306 0.18616867333333345 2.975052600000002 0.0881063973333333 1.6225862000000013 2.160831933333333 1.6126080499999973 1.4636862499999994
92 3.0499999999999696 0.47331992666666667 0.21136759499999982 2.7929072333333305 0.09636693933333328 1.6360288333333333 2.3350271666666647 1.2597033166666654 1.5307474000000008
93 3.0833299999999806 0.4909329283333335 0.23807856333333338 2.6224442333333373 0.1042938166666668 1.6509791500000015 2.514677416666668 0.9323275533333337 1.5814714166666664
94 3.1166700000000507 0.5070679166666666 0.26626710000000015 2.4310551333333335 0.11180188833333318 1.661717116666667 2.6994264166666664 0.6757906883333341 1.619037299999999
95 3.1500000000000328 0.5217722600000004 0.29589690999999985 2.2528568833333353 0.11890924666666663 1.6684374166666691 2.888912149999999 0.49540928666666634 1.647168466666666
96 3.1833300000000224 0.5356666899999998 0.3269628750000003 2.083032833333334 0.12562058833333326 1.6732912000000013 3.0829920000000013 0.37909675500000034 1.6691532500000001
97 3.216670000000018 0.5482013400000002 0.35942506 1.947352100000001 0.13202694499999998 1.6769329333333338 3.2815891166666673 0.29990365500000005 1.6869113500000006
98 3.25 0.5604170133333333 0.39330199166666685 1.811586916666666 0.13811082166666683 1.675178333333332 3.4841114 0.2546674150000003 1.7023048499999998
99 3.2833299999999817 0.5704827699999996 0.42849844666666653 1.7018830499999988 0.14394405999999993 1.6722838666666673 3.6904517999999977 0.23041482666666635 1.7165199666666675
100 3.316669999999976 0.5809034483333332 0.46506920000000007 1.5954841666666666 0.1495242283333334 1.6623016833333342 3.8997461166666705 0.2247990849999998 1.730671499999999
101 3.3499999999999637 0.5893025400000004 0.5029180466666667 1.5001691999999995 0.15487703666666686 1.651874533333335 4.111929116666667 0.22747888999999982 1.7452811666666674
102 3.3833299999999444 0.597695305 0.5420737849999996 1.4234393666666676 0.16005762999999998 1.6370014666666672 4.326407416666666 0.2516806033333336 1.7617683666666668
103 3.4166700000000234 0.6056744733333336 0.582537918333333 1.3480516833333342 0.1650609966666668 1.6170782833333335 4.542470733333334 0.29122517499999995 1.7812238333333323
104 3.4500000000000295 0.6110558616666664 0.6241620016666664 1.2951716499999995 0.16996240500000023 1.5954495999999994 4.759823350000005 0.33885864999999993 1.8043049166666685
105 3.4833300000000196 0.6176073899999999 0.6670491833333339 1.2401812149999993 0.1747467916666664 1.5713095333333333 4.9780441833333375 0.41064338833333325 1.8328190833333338
106 3.5166699999999804 0.6246071566666671 0.7112566033333334 1.2005070400000006 0.1794671800000001 1.5456750499999998 5.196832799999999 0.5148618633333331 1.8692570666666677
107 3.5499999999999763 0.6285883633333329 0.7565930883333335 1.1664536250000002 0.18414106000000033 1.5191753666666654 5.415966016666667 0.6645714833333335 1.9171863999999994
108 3.5833299999999744 0.6351803916666657 0.8032693983333332 1.1335421383333337 0.18876873166666652 1.4918906499999989 5.635224 0.8898335283333334 1.982572566666668
109 3.616670000000047 0.6387087216666668 0.8510821883333335 1.110284825000001 0.19338614666666631 1.4659544166666654 5.854697483333328 1.2493603166666658 2.076092916666667
110 3.6500000000000408 0.6412888783333325 0.8999771450000003 1.0930994166666672 0.19801631833333336 1.4406608500000004 6.0743780833333325 1.903383649999998 2.2212091666666645
111 3.683330000000012 0.6465752766666668 0.9501797716666676 1.086632154999999 0.20270355499999992 1.4156284499999991 6.2942018999999965 2.9345256666666675 2.449044883333332
112 3.7166700000000006 0.6502327466666672 1.0015843149999986 1.0757874633333333 0.20742837000000003 1.3938954333333342 6.514586533333331 3.930643266666663 2.7597674166666692
113 3.75 0.6547060733333342 1.054274849999999 1.0741761716666658 0.21223111833333316 1.372591766666667 6.735512716666668 4.0007057666666626 3.081727100000001
114 3.783330000000003 0.6580576100000003 1.108180883333334 1.078042405 0.21713720000000006 1.3540431666666672 6.957345000000004 2.972758833333331 3.325233433333331
115 3.816669999999994 0.661288521666667 1.1633101333333329 1.081550991666668 0.2221463749999997 1.3367617999999994 7.180222666666672 1.7569262000000008 3.471695166666663
116 3.849999999999957 0.667131134999999 1.2199024666666676 1.090544956666666 0.22728586166666687 1.3198644833333324 7.40414303333333 1.0689270016666663 3.5623670666666656
117 3.8833299999999644 0.671396153333334 1.2778470333333316 1.1023468416666673 0.23257126000000014 1.3076647666666683 7.629851766666657 0.8327598366666664 3.634234383333332
118 3.9166700000000296 0.6751319433333339 1.337118649999999 1.1173540783333353 0.23802097166666675 1.2937639666666676 7.857011733333335 0.7596594349999995 3.7009235166666654
119 3.950000000000003 0.6823584949999993 1.3980485499999993 1.1368613433333332 0.2436606599999998 1.2830788999999998 8.086146483333337 0.7124941733333331 3.7645413999999984
120 3.9833300000000205 0.6863099883333338 1.4603704333333334 1.155630791666666 0.24949061666666666 1.2730108999999994 8.317336633333328 0.6676159349999999 3.8251621499999997
121 4.016669999999979 0.6938529100000004 1.5244356833333343 1.1849030000000005 0.2555686716666667 1.2615930833333346 8.550303300000003 0.6497153616666671 3.885149216666668
122 4.050000000000002 0.7005884750000002 1.5902009999999993 1.2111615366666666 0.26188498 1.2507034166666668 8.785108549999999 0.6545751566666663 3.9465921166666726
123 4.083329999999969 0.707108798333334 1.6576756999999993 1.235614533333333 0.2684353166666668 1.2424274333333334 9.022214866666657 0.6934754000000005 4.0127626166666674
124 4.116670000000028 0.7139293666666666 1.726917749999999 1.271035283333333 0.27528390666666697 1.2321789333333344 9.26122033333333 0.775197158333333 4.087943466666663
125 4.150000000000047 0.7214513566666664 1.798027166666667 1.303519799999999 0.28242173 1.2221586333333347 9.502136633333327 0.9636579449999999 4.182921016666674
126 4.183329999999992 0.7294490250000004 1.8710847166666649 1.3343827833333337 0.28984641166666664 1.2146228166666675 9.745429616666657 1.3566271000000005 4.3187861333333375
127 4.216669999999976 0.7351500533333333 1.9458913666666686 1.3650277333333314 0.2975630849999999 1.2051868166666662 9.990695566666673 1.9798149333333341 4.520235833333337
128 4.25 0.7428466783333332 2.0226808 1.388191400000001 0.3055352100000004 1.1982487833333337 10.238421333333322 2.618886449999998 4.790940666666666
129 4.283330000000027 0.7478708033333322 2.101206733333334 1.417469 0.3138038250000003 1.1895189833333326 10.488210333333331 2.9253164500000026 5.0980822333333355
130 4.316670000000013 0.7527167316666662 2.181476666666666 1.4155580166666661 0.32219022833333294 1.1809108333333342 10.74006883333333 2.801750383333331 5.396845933333325
131 4.349999999999952 0.7574817366666663 2.263507033333336 1.4094436000000004 0.3306698966666665 1.1728610333333325 10.994087166666668 2.4487454833333344 5.662014816666672
132 4.383329999999981 0.7615188816666654 2.3472432999999993 1.3983361666666678 0.33921209333333313 1.164598066666667 11.250200166666659 2.0566288666666686 5.8881493166666665
133 4.416670000000034 0.7647166949999991 2.432614966666667 1.3648713666666659 0.347677143333333 1.1556167833333324 11.508214833333346 1.6866138666666675 6.07643016666666
134 4.449999999999982 0.7680259983333332 2.519654983333332 1.3266552500000004 0.3560298883333332 1.1491854833333335 11.768683499999998 1.3632252666666675 6.230916500000006
135 4.483330000000021 0.7694391316666668 2.6081667 1.2821196499999992 0.36422363499999977 1.1407632166666661 12.031126500000001 1.117291501666668 6.3594361666666614
136 4.516669999999979 0.7713328716666674 2.698220483333331 1.233425900000001 0.37222388333333317 1.1326572166666664 12.295598333333327 0.9562619666666662 6.471074933333334
137 4.550000000000021 0.7719638916666668 2.7896828833333354 1.187722911666666 0.3800417583333333 1.1257155666666658 12.562339333333345 0.8664575483333343 6.573728266666666
138 4.5833299999999655 0.7727406849999992 2.882583833333333 1.140003143333333 0.38765590166666675 1.1178527833333327 12.83111699999999 0.8418192916666666 6.674928749999998
139 4.6166700000000125 0.772320746666667 2.976790016666663 1.0963989433333337 0.39508573333333374 1.1104477333333331 13.102009999999991 0.8552716816666659 6.779247750000001
140 4.650000000000052 0.7730119766666657 3.0724467500000014 1.0635402366666675 0.40239731666666656 1.103808833333334 13.375187333333356 0.912825933333334 6.892200283333339
141 4.683329999999976 0.773518571666666 3.1695433833333344 1.028568621666667 0.4095702216666663 1.0971555166666673 13.650623500000023 1.0125244666666675 7.0192925000000015
142 4.716669999999957 0.773237964999999 3.267991483333335 0.9961568633333335 0.416616336666667 1.0916030333333326 13.928579333333328 1.154641116666668 7.1662930500000055
143 4.75 0.7725990383333322 3.367753099999998 0.969293763333334 0.42356966666666634 1.0847438166666663 14.20870533333334 1.3362379833333315 7.338826199999995
144 4.783330000000046 0.7717987900000006 3.468815150000002 0.9453266383333334 0.43044655333333365 1.0797528333333342 14.491472333333316 1.5501693166666661 7.541801433333341
145 4.816670000000028 0.7723708799999991 3.5713668333333324 0.9322111133333332 0.4373229166666669 1.0738976499999995 14.776640500000006 1.7536716833333315 7.774633616666673
146 4.849999999999947 0.7731720549999999 3.6754506000000053 0.9147230350000001 0.4441639999999997 1.069330183333333 15.064536333333326 1.887838900000002 8.028759949999994
147 4.883329999999995 0.7722311766666666 3.780841483333332 0.90774158 0.4510464566666667 1.0641264333333331 15.354984666666654 1.894528150000001 8.287303833333345
148 4.916670000000037 0.772439393333334 3.887704900000003 0.8995886399999985 0.457960583333333 1.0599950166666676 15.648269333333365 1.7821412666666685 8.533842500000002
149 4.9499999999999655 0.7726656683333331 3.996053900000001 0.894419945 0.4649284866666662 1.0545453666666669 15.944013166666661 1.627486033333332 8.762050033333336
150 4.983330000000021 0.7732096116666671 4.105944633333334 0.8925312900000002 0.47197566333333346 1.0511140333333338 16.242780666666675 1.5234935833333334 8.978562050000004
151 5.016669999999979 0.7738859616666667 4.217407383333336 0.8933292883333334 0.47912380333333376 1.0472084500000003 16.544432000000008 1.541645733333334 9.200594633333326
152 5.050000000000037 0.7746402766666666 4.330466500000001 0.895812554999999 0.48638735999999994 1.0428174883333325 16.84882316666667 1.6634417333333322 9.443362483333333
153 5.083329999999962 0.775354858333334 4.445128966666672 0.8944381333333333 0.49373588499999993 1.0395367250000005 17.156278499999996 1.8267974666666675 9.713502816666665
154 5.116669999999999 0.7764429666666666 4.561462850000001 0.9005211183333336 0.5012316466666668 1.0377351016666667 17.46723716666666 1.9689911833333338 10.008501866666677
155 5.150000000000055 0.7775943499999994 4.679492216666664 0.901660965 0.5088350199999991 1.0361366333333333 17.78177216666666 2.006803883333332 10.313094333333337
156 5.183329999999963 0.7791553700000005 4.799294616666663 0.9103422866666667 0.5166113400000001 1.0355965849999984 18.100232833333326 1.9001649833333332 10.605249000000006
157 5.216669999999941 0.7816784049999999 4.921035800000008 0.9204339233333327 0.5245753166666666 1.0337231599999996 18.422214999999998 1.6723759499999993 10.865694833333334
158 5.25 0.7825673916666667 5.044478133333334 0.92826676 0.5327100366666668 1.0341181849999994 18.748450000000002 1.407285816666666 11.087669333333334
159 5.283330000000061 0.7854184616666672 5.169948 0.9381654516666663 0.5410362033333334 1.0343188966666674 19.07890283333334 1.192947200000003 11.278232166666669
160 5.31667000000004 0.7876696349999998 5.297370616666662 0.9442954633333337 0.5495229416666674 1.0369187333333334 19.41438466666665 1.048630175 11.44786416666666
161 5.349999999999943 0.7903001049999989 5.426826783333333 0.9524479766666669 0.5581905816666667 1.037714616666667 19.754345666666655 0.965326625 11.605982333333325
162 5.383330000000006 0.7948252583333334 5.558651433333335 0.9590844416666674 0.5670276633333335 1.0401193533333344 20.09934883333334 0.9185341266666663 11.758315833333338
163 5.416670000000039 0.797246211666667 5.692520350000004 0.9698452200000001 0.5760748966666669 1.0440593733333334 20.44996449999997 0.893362155 11.908312333333335
164 5.449999999999952 0.8010581916666661 5.828689916666662 0.9817755283333325 0.5853465783333328 1.0457926166666667 20.805498166666638 0.8850127616666672 12.058750166666657
165 5.483330000000021 0.804267105 5.9670819666666555 0.9898866033333328 0.5948094599999998 1.0492299999999994 21.1665795 0.8904733766666675 12.211968166666669
166 5.516669999999979 0.8085894416666664 6.1079153500000025 1.0001442849999993 0.6044869833333332 1.0513796333333345 21.532810500000014 0.9060851750000002 12.369775333333335
167 5.5500000000000504 0.8124212799999998 6.251130800000001 1.0121203916666672 0.6143991400000003 1.0556518500000005 21.904987000000002 0.9509244433333335 12.537397833333335
168 5.583329999999959 0.816142851666667 6.396735466666667 1.017571028333334 0.624484696666667 1.057971566666667 22.28247450000002 1.0292342433333326 12.721011333333351
169 5.616669999999989 0.8200846366666663 6.544796266666671 1.0291712499999994 0.6348074316666664 1.0619961833333322 22.66593650000001 1.1303214333333322 12.925073666666663
170 5.650000000000058 0.8234589833333328 6.6952354833333345 1.0412536583333338 0.6453756950000005 1.0648453333333332 23.055002999999996 1.2318623166666665 13.150115000000001
171 5.683329999999953 0.8268576700000003 6.848082933333335 1.051044253333334 0.6561695850000008 1.0693827333333323 23.4503525 1.2827054166666665 13.387213833333337
172 5.716669999999928 0.8303856633333335 7.00338901666666 1.0653246583333345 0.66723882 1.0714693833333335 23.851136166666656 1.269081450000003 13.62455599999998
173 5.75 0.8344298283333335 7.161276533333335 1.0664549150000002 0.678449358333333 1.075469566666667 24.258118500000013 1.2042529666666673 13.852410500000005
174 5.783330000000074 0.8385939916666669 7.321797383333336 1.0752495850000006 0.6898838500000001 1.0783802999999996 24.67095083333333 1.1194304000000004 14.06667950000001
175 5.816670000000051 0.8427546216666659 7.484979149999999 1.084232493333335 0.701547141666667 1.0820049499999997 25.089951833333345 1.041172605 14.268270166666676
176 5.849999999999941 0.84677202 7.650823566666662 1.0914113833333337 0.7134225816666663 1.0825104833333334 25.513971000000026 0.9890963483333327 14.461978166666668
177 5.883330000000015 0.8496394016666671 7.819131533333324 1.0999030016666664 0.7255272533333329 1.0855211833333342 25.944029 0.9674292049999997 14.653608833333344
178 5.9166700000000425 0.8535926816666667 7.990143600000002 1.1087620483333327 0.7378679666666663 1.0891517166666669 26.38043399999998 0.9719486500000001 14.848327000000003
179 5.949999999999941 0.857579091666668 8.163895933333333 1.1148157049999987 0.7504163700000013 1.0902114833333336 26.82219016666668 1.0017072883333324 15.051267000000006
180 5.983330000000021 0.8599410383333337 8.340084566666668 1.1192445383333338 0.7631561833333336 1.0925865 27.269885166666676 1.0510567116666671 15.266604500000007
181 6.016669999999979 0.8634481616666668 8.518967949999999 1.1234763933333327 0.7760869616666661 1.094005583333333 27.723172166666682 1.117674 15.498143000000002
182 6.050000000000061 0.8671054099999996 8.700605399999995 1.1291001216666658 0.7892269250000009 1.0950713833333345 28.181946833333345 1.2009347333333338 15.749698166666645
183 6.083329999999957 0.869730806666667 8.88480563333333 1.130689200000001 0.8025307933333333 1.0958119833333326 28.646098999999996 1.2783250999999998 16.020419833333353
184 6.116669999999981 0.8722454350000006 9.071569166666663 1.1316467649999997 0.8159922099999997 1.0982790833333338 29.116407333333335 1.330919433333334 16.305379
185 6.150000000000062 0.8752781900000001 9.261029633333342 1.1393271983333344 0.8296930516666665 1.097551199999999 29.59154283333332 1.338797716666667 16.595159166666672
186 6.183329999999943 0.8777358933333332 9.453087316666664 1.1375971566666676 0.8435218149999999 1.0988473833333334 30.072407 1.303679166666668 16.88040416666669
187 6.216669999999917 0.8793849416666669 9.647586033333338 1.137737916666667 0.8575018183333337 1.0992400999999987 30.558647000000025 1.2540005666666656 17.15774583333334
188 6.25 0.8815698000000007 9.84466455 1.1364090816666668 0.8716156299999994 1.0994936333333325 31.050227833333338 1.2231176000000006 17.43116333333332
189 6.283330000000084 0.8842231350000002 10.044449499999997 1.1365027583333338 0.8858815666666675 1.09933545 31.546994000000026 1.2253050500000007 17.708002166666645
190 6.316670000000059 0.886035534999999 10.246774000000004 1.1340667666666666 0.9002683900000005 1.0991225833333338 32.048949500000006 1.2605692666666664 17.99583650000002
191 6.3499999999999375 0.8877908416666666 10.451644166666675 1.1334489116666675 0.9147995083333338 1.0985423666666667 32.55594599999999 1.3309051999999995 18.30294666666668
192 6.383330000000024 0.8906014933333339 10.65932900000001 1.1309868833333323 0.929451721666667 1.099004183333333 33.068495000000006 1.4355879500000008 18.637698833333317
193 6.416670000000044 0.8918655683333331 10.869484499999999 1.1302177549999994 0.9442472533333339 1.098100483333334 33.585989000000005 1.5766347833333334 19.00919499999999
194 6.449999999999931 0.8935997516666657 11.08224483333333 1.1292473600000001 0.9591841149999993 1.0970381166666667 34.108361999999985 1.7322496166666668 19.421606000000004
195 6.483330000000021 0.8947815183333335 11.297487833333342 1.1246294183333336 0.9742139299999995 1.096214466666666 34.63575516666662 1.8551831166666664 19.867861333333334
196 6.516669999999979 0.8973315849999997 11.515576333333337 1.1282853483333335 0.9894481300000009 1.0948580000000008 35.16792433333337 1.880460383333335 20.324860833333343
197 6.550000000000071 0.898812461666667 11.736261333333331 1.1222833866666666 1.004756820000001 1.0935242333333337 35.70489816666672 1.7832174 20.76267350000001
198 6.583329999999956 0.899828033333333 11.959447666666666 1.11733322 1.020153366666667 1.0929751999999986 36.24707866666667 1.5926633666666679 21.157689333333327
199 6.616669999999973 0.9017167666666668 12.18537766666666 1.1156992000000017 1.0356835333333323 1.0924603499999996 36.79450500000001 1.3784537833333337 21.503050000000016
200 6.650000000000063 0.9022464816666669 12.413721333333346 1.1136620166666658 1.0513416499999988 1.0893152833333333 37.345869333333354 1.2032760333333339 21.807564166666673
201 6.683329999999936 0.9036208916666675 12.644711833333313 1.1117327783333346 1.0671301833333333 1.0882569166666654 37.902233166666626 1.0862995500000008 22.085240833333348
202 6.716669999999908 0.9050037583333326 12.878366500000002 1.1068030966666675 1.0830056499999996 1.086149949999999 38.46307066666668 1.0183059283333349 22.348139499999988
203 6.75 0.906187535 13.114663666666662 1.1091519050000005 1.099073083333333 1.0842816666666664 39.02851899999999 0.9806505283333325 22.603835166666645
204 6.783330000000094 0.9065817399999999 13.353395833333327 1.099802434999999 1.1151629833333343 1.0826899833333328 39.598725166666625 0.9632117883333329 22.857467166666666
205 6.816670000000067 0.9083478066666664 13.59495349999999 1.101978813333334 1.1314436499999998 1.0802059333333334 40.17322916666662 0.958073055000001 23.112235666666688
206 6.8499999999999375 0.9094368399999992 13.839170333333314 1.098355506666665 1.1478294166666674 1.0788029833333332 40.752610499999946 0.9611482766666668 23.370325999999977
207 6.883330000000027 0.9099478766666665 14.085907999999987 1.0945081166666677 1.1643173500000012 1.076494166666668 41.33639166666666 0.9698962833333336 23.63330733333332
208 6.91667000000004 0.9096114283333331 14.334949666666681 1.0979866250000005 1.1810181833333329 1.0748979833333339 41.924968166666645 0.9842282583333325 23.902765333333328
209 6.949999999999924 0.9102838883333334 14.58658250000001 1.0890476633333328 1.1977431500000006 1.0721056166666683 42.517686666666684 1.0047902983333337 24.180509666666637
210 6.983330000000021 0.911377675 14.840942166666673 1.0897587999999987 1.2146401833333331 1.0691278333333343 43.11444149999995 1.0360706366666679 24.469653499999982
211 7.016669999999979 0.9116485183333343 15.097810833333334 1.0871996633333314 1.2316588499999996 1.0682053999999994 43.71638699999998 1.0797800333333336 24.773879166666667
212 7.050000000000077 0.9118414283333334 15.357178999999993 1.086118041666667 1.2488221500000005 1.0664239166666674 44.323054666666664 1.128180350000001 25.09477050000003
213 7.083329999999971 0.9128096649999996 15.619286500000001 1.0823691450000015 1.2660887166666657 1.0639884166666667 44.93407066666668 1.1696458166666677 25.430611333333346
214 7.116669999999986 0.9136969716666672 15.884123166666635 1.0808199166666679 1.2834930999999998 1.061408799999999 45.54935516666665 1.1937206166666663 25.776592833333314
215 7.150000000000044 0.9135902999999996 16.151413166666675 1.0793947833333333 1.301037633333332 1.0589608666666672 46.16898966666664 1.1950764000000005 26.126224666666662
216 7.18332999999993 0.9137243883333332 16.421243666666662 1.0752678566666658 1.318678199999999 1.0575451833333325 46.793575833333286 1.1794511499999987 26.474508499999967
217 7.2166699999999 0.9143104500000002 16.69376033333335 1.0700578700000007 1.3363969166666663 1.0542630166666678 47.42201583333328 1.1659264999999994 26.822000500000016
218 7.25 0.9148017299999996 16.968944833333346 1.0685865766666667 1.3542551000000005 1.0523829333333332 48.0551401666667 1.1559509666666672 27.169706666666713
219 7.283330000000101 0.9152979016666669 17.246816499999994 1.0656106300000001 1.3722276166666652 1.0500317166666668 48.6926771666667 1.1508410333333325 27.519071166666702
220 7.316670000000072 0.9161697649999998 17.527505833333347 1.0649673916666653 1.3903541333333342 1.0477547333333346 49.33466583333328 1.1459423833333326 27.87013716666665
221 7.349999999999967 0.9162099216666667 17.81077000000001 1.0573267333333343 1.4085146166666667 1.045681349999999 49.98123616666668 1.1395626666666663 28.22244199999999
222 7.383330000000001 0.9166141483333333 18.096734833333347 1.0539935133333331 1.4267830666666665 1.0435757833333341 50.63237033333336 1.1327986666666656 28.575831666666637
223 7.416670000000011 0.9171489416666668 18.3854585 1.0559748183333333 1.4452509499999997 1.0420205499999997 51.288417500000016 1.1226452166666658 28.929226
224 7.449999999999917 0.9179941950000009 18.67704766666667 1.047604271666667 1.463737699999999 1.0398318666666664 51.94898549999998 1.1149163166666665 29.283350833333333
225 7.483330000000022 0.9185656449999999 18.971439333333308 1.04512387 1.4823458666666658 1.0370193166666675 52.613674166666684 1.1067796333333333 29.638043833333324
226 7.516669999999978 0.9187845266666663 19.26852666666669 1.045194436666667 1.5011215500000001 1.0364772666666664 53.28394783333331 1.0936656000000018 29.991663666666646
227 7.550000000000085 0.9194203749999995 19.56846600000001 1.035999148333335 1.5198977333333326 1.0331969833333339 53.958039666666664 1.0769417499999994 30.34296933333335
228 7.5833299999999975 0.9201918416666673 19.871308500000005 1.0304112566666668 1.538737616666665 1.0319450333333324 54.637270333333326 1.0585989749999987 30.691346999999993
229 7.61667000000001 0.9210027833333337 20.17709299999998 1.0327909350000009 1.557787550000002 1.0302160333333326 55.32133833333333 1.0416009833333346 31.037157833333318
230 7.650000000000018 0.9208598383333335 20.485507333333317 1.0262323499999988 1.5768824499999996 1.0283605333333337 56.01016750000005 1.0239947883333338 31.380095999999977
231 7.683329999999923 0.9222729150000015 20.797095999999982 1.0217328050000007 1.5960599333333343 1.0266367483333318 56.703842833333375 1.0126331000000002 31.722193833333336
232 7.716669999999895 0.9232821283333328 21.11173850000002 1.0169121149999996 1.6153125166666669 1.0253117666666662 57.402646000000026 1.0102706716666674 32.06646650000001
233 7.75 0.9244333783333334 21.429501833333326 1.0128473483333345 1.634654249999999 1.0230230133333325 58.10592883333334 1.015794596666668 32.41560866666668
234 7.783330000000107 0.924716581666666 21.750100166666666 1.0081686349999992 1.654072549999997 1.022313878333333 58.814785666666744 1.0318178816666674 32.773326333333344
235 7.816670000000078 0.9255186450000003 22.073730333333327 1.0052549550000005 1.67360125 1.0215025599999994 59.52915666666668 1.0536725500000002 33.14174999999998
236 7.8499999999999925 0.9265864333333328 22.400503166666677 1.0018390033333342 1.6932296166666665 1.019288195 60.248073833333365 1.0755313999999994 33.521034833333374
237 7.8833299999999795 0.9273686933333333 22.730337166666676 0.9985754866666656 1.7129606499999992 1.0183058016666682 60.97240633333338 1.0847164500000017 33.906809833333284
238 7.916669999999986 0.9279192599999994 23.06316333333334 0.9903298183333332 1.732694633333332 1.0174085616666668 61.70223466666666 1.0738707666666683 34.291966499999965
239 7.9499999999999105 0.9291012966666665 23.39922683333335 0.9887890900000006 1.7525640166666654 1.0165619599999998 62.43761116666672 1.0441082399999997 34.66960983333333
240 7.983330000000022 0.930188226666667 23.738508500000027 0.9889619933333333 1.7726041833333344 1.0163271483333345 63.17899716666662 1.006862953333333 35.03683916666666
241 8.016669999999978 0.9314102166666665 24.08107916666667 0.9843081616666666 1.7927168333333354 1.0148608816666662 63.92550683333337 0.9696623149999993 35.39346033333334
242 8.050000000000091 0.9331452333333342 24.42714850000001 0.982081383333333 1.8129510166666662 1.0142275633333337 64.67776933333334 0.9461082500000001 35.744321166666666
243 8.083330000000021 0.9333276883333332 24.77615749999998 0.9787572466666665 1.833284166666665 1.013804273333335 65.43595333333329 0.9348858099999995 36.093896666666716
244 8.116669999999983 0.9352883483333341 25.128791000000003 0.9780205800000008 1.853769983333334 1.0130659149999992 66.19985100000002 0.9339036916666679 36.44598883333336
245 8.149999999999993 0.9362567966666666 25.484695000000006 0.9747932333333339 1.8743561999999994 1.0129230816666668 66.96992583333339 0.9376326833333334 36.802397333333346
246 8.18332999999992 0.9369561133333343 25.84378333333334 0.9715396516666679 1.8950421333333343 1.0125327200000012 67.74601249999995 0.9446523000000003 37.16441583333337
247 8.216669999999889 0.9379259600000004 26.206176166666676 0.9714010616666668 1.915893616666668 1.0119972683333331 68.52801800000002 0.9541879766666672 37.53307633333334
248 8.25 0.9398245099999997 26.572259999999986 0.9684383233333331 1.936850683333334 1.0119764700000002 69.31637133333332 0.966355726666665 37.90947316666664
249 8.283330000000113 0.9406806183333329 26.941640166666687 0.9678674916666681 1.957965000000001 1.011711349999999 70.11090016666677 0.982225978333333 38.29515100000003
250 8.316670000000082 0.9421003966666681 27.31456083333333 0.9658665649999997 1.9792053333333324 1.0116847099999997 70.91181183333335 0.9999185499999996 38.690938666666625
251 8.350000000000014 0.9433549416666671 27.690980666666654 0.9654059900000004 2.0006065333333365 1.0117274966666678 71.7191913333333 1.0204554533333337 39.098100166666704
252 8.383330000000006 0.9445946316666664 28.070907333333345 0.9644134400000005 2.022156533333336 1.0110464616666666 72.53247983333335 1.04669839 39.519073666666685
253 8.416669999999963 0.945285211666667 28.454142333333305 0.9624730416666669 2.0438344666666666 1.0112668216666658 73.35243016666665 1.0792061166666682 39.95658199999997
254 8.449999999999905 0.946385851666667 28.84086783333335 0.9663877800000003 2.0657731499999996 1.0114923266666673 74.17907349999999 1.1132925166666672 40.41148766666666
255 8.483330000000022 0.9483209799999993 29.231449833333347 0.964147675 2.087834383333332 1.0118375716666663 75.0125330000001 1.1444074833333353 40.88280483333335
256 8.516669999999978 0.9497936200000006 29.62571533333335 0.9639484899999989 2.1100643000000003 1.011884303333334 75.85259449999994 1.1670686333333322 41.36724083333331
257 8.550000000000095 0.9502976749999995 30.023288000000004 0.9638588499999984 2.1324666999999997 1.011670231666667 76.69906450000008 1.1738458500000004 41.858310500000016
258 8.583330000000043 0.9519412949999994 30.424655500000025 0.964563698333334 2.1550606999999986 1.0116734266666656 77.55215333333328 1.1718545500000006 42.352377333333365
259 8.616670000000003 0.9535471099999989 30.829831000000002 0.9654464699999996 2.1778512166666673 1.0121008049999993 78.41224133333331 1.1638560333333337 42.846890333333334
260 8.649999999999974 0.9549792766666665 31.238758333333337 0.9655329316666669 2.2008206499999985 1.011226946666668 79.27824933333335 1.1543567333333327 43.341169499999964
261 8.683329999999915 0.956762093333334 31.65161599999999 0.967248263333333 2.2240085999999972 1.011570143333333 80.15124233333341 1.1447640833333326 43.83512666666665
262 8.716669999999882 0.9579779183333335 32.068179833333325 0.9660926266666666 2.247347083333335 1.0123813133333341 81.03165450000012 1.1400054166666662 44.33081516666672
263 8.75 0.9587476899999998 32.48826866666665 0.9684604149999994 2.2709215500000006 1.011913895 81.91840183333336 1.1309012499999995 44.82631250000001
264 8.783330000000118 0.9609248599999993 32.91252866666669 0.9651451700000001 2.2945948833333327 1.0112756816666684 82.81136066666667 1.1226847333333347 45.321963166666734
265 8.816670000000087 0.9624942216666669 33.34071016666664 0.9716919733333329 2.3186103666666695 1.0120735083333332 83.71181316666652 1.1142126 45.81761583333328
266 8.850000000000033 0.9638249450000005 33.77273116666666 0.9696578233333336 2.3427568499999993 1.0112142550000007 84.61832100000008 1.1013138333333328 46.31124299999997
267 8.883329999999987 0.9650494083333327 34.20856749999999 0.9717377849999999 2.3671375666666656 1.0119503999999986 85.53233316666679 1.0803723833333323 46.79913783333332
268 8.916669999999945 0.9668553183333342 34.64850333333335 0.9711653999999998 2.3916873833333314 1.0115534433333335 86.45285999999997 1.0568477666666676 47.27999333333332
269 8.9499999999999 0.9677622316666669 35.09214683333337 0.974117643333333 2.416496133333333 1.0113517550000002 87.3800936666667 1.0300941899999994 47.75219216666662
270 8.983330000000022 0.9693177183333328 35.53982333333332 0.9734951333333335 2.4414741166666682 1.0112019216666661 88.3141071666666 1.0066094349999997 48.21706483333337
271 9.016669999999978 0.9710056933333338 35.99161533333334 0.9748966649999993 2.4666742666666654 1.0108231999999995 89.25471633333316 0.9845791333333342 48.67514733333335
272 9.0500000000001 0.9726419583333332 36.44751566666663 0.9808848916666665 2.492216616666668 1.0111174166666663 90.20256549999996 0.9721459516666667 49.130795333333324
273 9.083330000000062 0.9743629333333335 36.907597333333335 0.9802028083333333 2.5179298333333318 1.010777871666668 91.15708966666674 0.9652956283333337 49.58656883333329
274 9.11667000000002 0.9755163733333326 37.37160716666662 0.9819752199999996 2.5438791666666645 1.0105537583333344 92.11842216666673 0.9651942049999993 50.0456501666667
275 9.149999999999956 0.9769514716666661 37.839706333333346 0.9811871899999997 2.5699973666666636 1.0102772983333324 93.08653066666666 0.9687424083333334 50.50978966666669
276 9.18332999999991 0.9779882166666664 38.31172133333328 0.9825965866666668 2.596343833333333 1.0101886900000012 94.0616180000001 0.9753857250000001 50.98052783333336
277 9.216669999999878 0.9795386399999999 38.78792483333331 0.9828110716666667 2.622888183333338 1.0111654766666662 95.04475083333332 0.9881445899999998 51.460886499999994
278 9.25 0.9812668566666655 39.26842166666663 0.9844634333333329 2.6496692000000013 1.0106187799999988 96.03446883333336 1.0025527683333346 51.95178483333331
279 9.283330000000124 0.9823728733333333 39.75293783333334 0.9833314199999995 2.6766129833333308 1.011057090000001 97.03176650000006 1.014038118333333 52.451889333333376
280 9.31667000000009 0.9837242699999997 40.241608 0.9834957416666669 2.703755266666668 1.0115047866666682 98.03668199999994 1.023544063333334 52.96031583333336
281 9.350000000000051 0.9847853850000003 40.734311500000025 0.9852304083333339 2.731139883333334 1.0113564183333337 99.0486551666666 1.0260464366666662 53.47363966666665
282 9.383329999999969 0.9860594649999997 41.231178 0.9849770466666674 2.7587134499999983 1.0116518699999997 100.06814066666671 1.0219700050000007 53.98857399999999
283 9.416669999999927 0.9872773350000006 41.73220016666669 0.983590766666667 2.786443883333331 1.011943775 101.0952083333333 1.0089893249999995 54.50058516666667
284 9.449999999999896 0.9876325783333336 42.2369545 0.9813819100000003 2.8143083333333347 1.0122563966666673 102.12985333333337 0.9913541649999987 55.00721883333332
285 9.483330000000022 0.9885801116666668 42.74576683333334 0.9858547716666675 2.842497783333333 1.012166686666667 103.17174499999999 0.9744081883333334 55.50870749999996
286 9.516669999999978 0.990135191666667 43.25896383333332 0.9835200416666671 2.870818249999999 1.0128106966666675 104.2216183333334 0.9569619549999986 56.00468666666659
287 9.550000000000104 0.9911800099999991 43.77631133333334 0.9844399466666671 2.8993642499999996 1.01260226 105.27863166666675 0.9465564233333323 56.498720166666665
288 9.58333000000008 0.9923840199999991 44.297909166666685 0.9836006783333333 2.9280853833333325 1.0128659166666663 106.34332333333336 0.940574905 56.993060500000006
289 9.616670000000038 0.9930221133333339 44.82347399999999 0.9840615550000003 2.957019983333331 1.0139601099999986 107.41661166666667 0.9370752316666663 57.48899450000003
290 9.64999999999994 0.9938548616666666 45.35313916666667 0.9823829283333324 2.9861060833333335 1.0137947616666665 108.49715666666663 0.9388558333333333 57.9893186666666
291 9.683329999999907 0.9943769116666668 45.886747666666665 0.9823635616666649 3.0153930333333325 1.0140245366666656 109.58544333333334 0.9398828766666663 58.49366166666672
292 9.716669999999873 0.9953076566666671 46.42454016666665 0.9828409766666664 3.044895866666666 1.014003945000001 110.68119666666654 0.942961931666667 59.003144166666665
293 9.75 0.996081966666667 46.96645033333338 0.9798018616666669 3.0745100833333323 1.0145022733333338 111.7850183333334 0.9474889733333337 59.51859066666667
294 9.783330000000127 0.9967139633333325 47.512415499999975 0.9797049483333321 3.1043237499999994 1.0141062333333337 112.89598833333335 0.9515955533333335 60.0398155
295 9.816670000000094 0.9979100599999995 48.062770000000064 0.9778202549999996 3.134283583333337 1.0148337000000003 114.01533166666675 0.9555370216666665 60.566772499999935
296 9.850000000000069 0.9979182633333333 48.61687133333331 0.9779058899999995 3.1644494166666672 1.0145798633333316 115.14201833333323 0.9605716633333323 61.100111166666636
297 9.883329999999955 0.9989559016666671 49.17530933333331 0.9752706383333322 3.1947381833333344 1.0146780783333347 116.27643833333343 0.9655898783333341 61.63986900000007
298 9.916669999999911 0.999470773333332 49.73781100000002 0.9782317500000003 3.2253242 1.0147289266666666 117.41857166666668 0.9702983299999992 62.18592166666673
299 9.949999999999893 0.9995495733333322 50.30414383333333 0.9732895383333325 3.255960483333333 1.0150404116666665 118.56875666666667 0.9730838033333333 62.7372346666667
300 9.983330000000022 1.0001371983333323 50.8746148333333 0.9735029283333334 3.2868092 1.0151459883333336 119.7268066666666 0.9754561533333331 63.29359833333331
