5200000 0.1191074217871279 
5250000 0.11922906403005173 
5300000 0.1191232163001299 
5350000 0.1192833759873098 
5400000 0.11906981809258575 
5450000 0.11894480462775915 
5500000 0.1191958332467667 
5550000 0.11916268694068505 
5600000 0.11937652601048092 
5650000 0.11916413405076026 
5700000 0.11926612244454284 
5750000 0.11924703012913797 
5800000 0.11918853144811303 
5850000 0.11910217747746261 
5900000 0.1191568983379587 
5950000 0.11899744213705865 
6000000 0.11913930326018662 
6050000 0.1191726291548969 
6100000 0.118817313438723 
6150000 0.11906784306857834 
6200000 0.11894773548339366 
6250000 0.11904341711936725 
6300000 0.11885996124667109 
6350000 0.1192657155541111 
6400000 0.11934278675848328 
6450000 0.11920213874508147 
6500000 0.1190132787169006 
6550000 0.11881891823563663 
6600000 0.11929444808283168 
6650000 0.11915279526001796 
6700000 0.11900239254405413 
6750000 0.11910232945768853 
6800000 0.11902537425375322 
6850000 0.11915778348318724 
6900000 0.11933446902462284 
6950000 0.1191012683314972 
7000000 0.11892569404053589 
7050000 0.1190551541551495 
7100000 0.119192806949283 
7150000 0.11905781783259993 
7200000 0.11922792351552053 
7250000 0.11926063824845363 
7300000 0.11909193733829335 
7350000 0.11903005481064372 
7400000 0.11890276339416912 
7450000 0.11937178121851118 
7500000 0.11916644199532692 
7550000 0.11920702292980294 
7600000 0.119228007956634 
7650000 0.11929256993710133 
7700000 0.11896744433053655 
7750000 0.11906689182152724 
7800000 0.1189400869450061 
7850000 0.11879947347712572 
7900000 0.11934161559743287 
7950000 0.11910303650448789 
8000000 0.11891966697817181 
8050000 0.1191940235134918 
8100000 0.11912797039975216 
8150000 0.11899051134323904 
