0 0.14377862646576017 
2320 0.14377862646576017 
50000 0.14377862646576017 
100000 0.14377862646576017 
150000 0.14377862646576017 
200000 0.14377862646576017 
250000 0.14377862646576017 
300000 0.14377862646576017 
350000 0.14377862646576017 
400000 0.14377862646576017 
450000 0.14377862646576017 
500000 0.14377862646576017 
550000 0.14377862646576017 
600000 0.14377862646576017 
650000 0.14377862646576017 
700000 0.14377862646576017 
750000 0.14377862646576017 
800000 0.14377862646576017 
850000 0.14377862646576017 
900000 0.14377862646576017 
950000 0.14377862646576017 
1000000 0.14377862646576017 
1050000 0.14377862646576017 
1100000 0.14377862646576017 
1150000 0.14377862646576017 
1200000 0.11926545839620005 
1250000 0.11877543018114123 
1300000 0.11891177610527633 
1350000 0.1188327145190906 
1400000 0.11911225116463446 
1450000 0.11909902262750681 
1500000 0.11881128683837854 
1550000 0.11913083245419413 
1600000 0.11868434433368609 
1650000 0.11905965761976374 
1700000 0.1189633097810681 
1750000 0.11910605059241113 
1800000 0.11889516562005195 
1850000 0.11908330187904753 
1900000 0.11929204251834082 
1950000 0.11887826821126744 
2000000 0.11879385298699503 
2050000 0.11872027531155051 
2100000 0.11913386761258933 
2150000 0.1189387987007734 
2200000 0.11847536876209373 
2250000 0.11896957212360758 
2300000 0.11909577117003287 
2350000 0.11884205705686017 
2400000 0.11899126145454236 
2450000 0.11893812902264003 
2500000 0.11904690433274163 
2550000 0.11918035312048537 
2600000 0.11869405963916733 
2650000 0.11887247221445373 
2700000 0.11924286175196712 
2750000 0.11912794605682268 
2800000 0.11896373098792153 
2850000 0.11908127257151202 
2900000 0.11897984438587904 
2950000 0.11874883318405319 
3000000 0.11912360032739767 
3050000 0.11889847878774365 
3100000 0.11922640943550587 
3150000 0.11878580988195364 
3200000 0.11902936013236781 
3250000 0.11904210236607837 
3300000 0.11887043840402692 
3350000 0.11926552779424783 
3400000 0.11891844457668009 
3450000 0.11894743368893965 
3500000 0.11882177465732742 
3550000 0.11917391562873401 
3600000 0.11896179108135677 
3650000 0.11898336916210292 
3700000 0.11903273441219263 
3750000 0.11892390375492301 
3800000 0.11896268505647964 
3850000 0.11934495597815724 
3900000 0.11889812829552021 
3950000 0.11899102978877514 
4000000 0.11888680192604523 
4050000 0.11898791665611144 
4100000 0.11903034683005073 
4150000 0.11893678609015662 
4200000 0.11869405514978525 
4250000 0.11910695273723754 
4300000 0.11911848427162645 
4350000 0.11926892695562766 
4400000 0.11902729785917016 
4450000 0.11895407169266192 
4500000 0.11928886799288665 
4550000 0.11888596165009381 
4600000 0.1191975768375142 
4650000 0.11884263911948487 
4700000 0.1190985502454131 
4750000 0.11890467115662763 
4800000 0.11916765926513781 
4850000 0.11900038289297099 
4900000 0.11920712918794411 
4950000 0.11894121212257996 
5000000 0.11895222941021942 
5050000 0.11936541137418163 
5100000 0.1191771807289115 
5150000 0.11917636964680597 
