1 0.01666670000000003 0.0 0.0 0.0 0.0 0.0 0.0 0.0 0.0
2 0.05000000000000049 0.0 0.0 0.0 0.0 0.0 0.0 0.0 0.0
3 0.08333329999999965 0.0 0.0 0.0 0.0 0.0 0.0 0.0 0.0
4 0.11666700000000027 0.0 0.0 0.0 0.0 0.0 0.0 0.0 0.0
5 0.1500000000000009 0.0 0.0 0.0 0.0 0.0 0.0 0.0 0.0
6 0.18333300000000133 0.0 0.0 0.0 0.0 0.0 0.0 0.0 0.0
7 0.21666700000000086 0.0 0.0 0.0 0.0 0.0 0.0 0.0 0.0
8 0.25 0.0 0.0 0.0 0.0 0.0 0.0 0.0 0.0
9 0.2833329999999991 0.0 0.0 0.0 0.0 0.0 0.0 0.0 0.0
10 0.3166669999999973 0.0 0.0 0.0 0.0 0.0 0.0 0.0 0.0
11 0.34999999999999637 0.0 0.0 0.0 0.0 0.0 0.0 0.0 0.0
12 0.38333299999999526 0.0 0.0 0.0 0.0 0.0 0.0 0.0 0.0
13 0.4166669999999956 0.0 0.0 0.0 0.0 0.0 0.0 0.0 0.0
14 0.44999999999999496 0.0 0.0 0.0 0.0 0.0 0.0 0.0 0.0
15 0.48333299999999707 0.0 0.0 0.0 0.0 0.0 0.0 0.0 0.0
16 0.5166670000000018 0.0 0.0 0.0 0.0 0.0 0.0 0.0 0.0
17 0.5500000000000062 0.0 0.0 0.0 0.0 0.0 0.0 0.0 0.0
18 0.5833329999999984 0.0 0.0 0.0 0.0 0.0 0.0 0.0 0.0
19 0.6166670000000055 0.0 0.0 0.0 0.0 0.0 0.0 0.0 0.0
20 0.6499999999999948 0.0 0.0 0.0 0.0 0.0 0.0 0.0 0.0
21 0.6833330000000036 0.0 0.0 0.0 0.0 0.0 0.0 0.0 0.0
22 0.7166669999999895 0.0 0.0 0.0 0.0 0.0 0.0 0.0 0.0
23 0.75 0.0 0.0 0.0 0.0 0.0 0.0 0.0 0.0
24 0.7833330000000119 0.0 0.0 0.0 0.0 0.0 0.0 0.0 0.0
25 0.8166669999999961 0.0 0.0 0.0 0.0 0.0 0.0 0.0 0.0
26 0.8500000000000093 0.0 0.0 0.0 0.0 0.0 0.0 0.0 0.0
27 0.8833329999999943 0.0 0.0 0.0 0.0 0.0 0.0 0.0 0.0
28 0.9166670000000037 0.0 0.0 0.0 0.0 0.0 0.0 0.0 0.0
29 0.9499999999999975 0.0 0.0 0.0 0.0 0.0 0.0 0.0 0.0
30 0.9833330000000067 0.0 0.0 0.0 0.0 0.0 0.0 0.0 0.0
31 1.0166699999999878 0.0 0.0 0.0 0.0 0.0 0.0 0.0 0.0
32 1.0499999999999978 0.0 0.0 0.0 0.0 0.0 0.0 0.0 0.0
33 1.083330000000004 0.0 0.0 0.0 0.0 0.0 0.0 0.0 0.0
34 1.1166699999999994 0.0 0.0 0.0 0.0 0.0 0.0 0.0 0.0
35 1.1499999999999873 0.0 0.0 0.0 0.0 0.0 0.0 0.0 0.0
36 1.1833299999999938 0.0 0.0 0.0 0.0 0.0 0.0 0.0 0.0
37 1.2166700000000124 0.0 0.0 0.0 0.0 0.0 0.0 0.0 0.0
38 1.25 0.0 0.0 0.0 0.0 0.0 0.0 0.0 0.0
39 1.283329999999987 0.0 0.0 0.0 0.0 0.0 0.0 0.0 0.0
40 1.31667000000001 0.0 0.0 0.0 0.0 0.0 0.0 0.0 0.0
41 1.3500000000000143 0.0 0.0 0.0 0.0 0.0 0.0 0.0 0.0
42 1.3833300000000006 0.0 0.0 0.0 0.0 0.0 0.0 0.0 0.0
43 1.416669999999986 0.0 0.0 0.0 0.0 0.0 0.0 0.0 0.0
44 1.450000000000014 0.0 0.0 0.0 0.0 0.0 0.0 0.0 0.0
45 1.4833300000000158 0.0 0.0 0.0 0.0 0.0 0.0 0.0 0.0
46 1.516669999999984 0.0 0.0 0.0 0.0 0.0 0.0 0.0 0.0
47 1.5499999999999838 0.0 0.0 0.0 0.0 0.0 0.0 0.0 0.0
48 1.5833300000000172 0.0 0.0 0.0 0.0 0.0 0.0 0.0 0.0
49 1.6166699999999994 0.0 0.0 0.0 0.0 0.0 0.0 0.0 0.0
50 1.6499999999999844 0.0 0.0 0.0 0.0 0.0 0.0 0.0 0.0
51 1.6833299999999825 0.0 0.0 0.0 0.0 0.0 0.0 0.0 0.0
52 1.716670000000015 0.0 0.0 0.0 0.0 0.0 0.0 0.0 0.0
53 1.75 0.0 0.0 0.0 0.0 0.0 0.0 0.0 0.0
54 1.7833299999999845 0.0 0.0 0.0 0.0 0.0 0.0 0.0 0.0
55 1.8166700000000129 0.0 0.0 0.0 0.0 2.1924833333333335e-06 8.2672e-08 0.0 0.0
56 1.8500000000000076 0.0 0.0 0.0 0.0 1.0563366666666666e-05 4.96032e-07 0.0 0.0
57 1.88332999999999 0.0 0.0 0.0 0.0 7.126386666666667e-05 3.3895518333333314e-06 0.0 0.0
58 1.91666999999999 0.0 0.0 0.0 0.0 0.0003206537166666666 1.6865085166666615e-05 0.0 0.0
59 1.950000000000022 0.0 0.0 0.0 0.0 0.0011382560666666657 6.63856425000002e-05 0.0 0.0
60 1.9833300000000176 0.0 0.0 0.0 0.0 0.003269498383333333 0.00021354179849999947 2.9395016666666662e-05 6.613753333333333e-07
61 2.016669999999982 0.0 0.0 0.0 0.0 0.007649657266666655 0.0005695270983333328 0.015178271866666657 0.00035383595833333287
62 2.0499999999999767 0.0 0.0 0.0 0.0 0.015385470849999994 0.0013093589033333238 0.0380244561666667 0.0012680232283333237
63 2.0833300000000037 0.0 0.0 0.0 0.0 0.028784550333333308 0.0027389222 0.012778217299999995 0.0015853159999999855
64 2.1166700000000214 0.0 0.0 0.0 0.0 0.04824166550000003 0.0052120535333333405 0.0003032757 0.0015930871999999857
65 2.150000000000006 0.0 0.0 0.0 0.0 0.07603928033333335 0.009233962699999973 0.02033199781666666 0.0021307873500000045
66 2.1833300000000007 0.0 0.0 0.0 0.0 0.11211752516666662 0.015349452500000001 0.06044683833333333 0.00377926504999999
67 2.2166700000000166 2.937028333333333e-06 8.2672e-08 0.0 0.0 0.15844035166666662 0.024257521333333334 0.05258946766666665 0.0052576060000000075
68 2.25 2.281649e-05 7.440480000000003e-07 0.0 0.0 0.2123114500000001 0.036556135999999954 0.07706430683333335 0.007489583566666656
69 2.2833299999999834 0.00010805837166666666 3.968255999999998e-06 0.0 0.0 0.2748105466666663 0.05295022950000004 0.11344671933333328 0.010873349316666692
70 2.316669999999995 0.0003809726850000002 1.5666343666666653e-05 0.0 0.0 0.3449529516666669 0.074133929 0.11722591449999993 0.014472708166666648
71 2.3499999999999868 0.0012323508366666662 5.4604849833333446e-05 0.0 0.0 0.4201249849999997 0.1006817908333333 0.1091476493333334 0.017921124999999993
72 2.3833299999999684 0.0031060338216666664 0.00015554737366666623 9.148183333333333e-05 1.65344e-07 0.49990950999999995 0.13317376833333336 0.0916604751666667 0.020899792999999972
73 2.416670000000006 0.006927786133333338 0.0003870287633333324 0.0004007711666666667 9.09392e-07 0.5862743883333341 0.17235242333333345 0.059125552499999956 0.022875342666666694
74 2.450000000000027 0.01333278696666668 0.0008449077133333359 0.003900086000000002 8.34987183333331e-06 0.6715833499999998 0.21847857833333317 0.05508262083333329 0.024766874333333314
75 2.4833300000000187 0.023190828499999986 0.0016631527833333368 0.01630166983333332 4.030259566666677e-05 0.7569043733333338 0.2718887933333334 0.04194408683333333 0.026246710499999968
76 2.516669999999981 0.037765887333333366 0.0030316632499999925 0.057184099333333314 0.0001554233594999995 0.8428784833333332 0.3329731416666666 0.016381160016666653 0.026840260000000005
77 2.5499999999999723 0.05617482299999998 0.005121527883333327 0.15639690883333332 0.0004786706633333317 0.9282934266666666 0.4020414949999999 0.004595631416666658 0.027011214666666596
78 2.5833299999999904 0.07871543233333321 0.008127025500000003 0.3444501400000001 0.0012093253083333333 1.0051891683333336 0.47879908166666657 0.0033607579833333373 0.027139521499999913
79 2.616670000000039 0.10511242166666675 0.01224462900000001 0.6541296299999997 0.002632895050000004 1.082520353333333 0.5636089316666671 0.007424901133333325 0.02743040166666662
80 2.650000000000022 0.13519131000000015 0.017676337333333323 1.068737043333333 0.005018435916666667 1.1549183999999995 0.6564106266666673 0.030830145483333352 0.02866897166666666
81 2.6833300000000135 0.16726179333333335 0.024566674833333316 1.5567040666666667 0.008581101133333347 1.2208988499999982 0.7569973416666662 0.19173926 0.036567127500000025
82 2.716670000000018 0.20008563666666668 0.03301525416666664 2.0620428500000005 0.01341828116666667 1.2839154333333327 0.8654204683333319 0.9306560566666663 0.07586160550000007
83 2.75 0.23319728666666661 0.04310503699999998 2.535720866666666 0.01951347533333333 1.339989150000001 0.9813725200000006 2.7088273333333337 0.1930585216666666
84 2.783329999999982 0.26508768333333327 0.054854332666666644 2.9281440000000014 0.026723585833333344 1.3940797166666674 1.1049474999999989 4.775583499999998 0.4047128316666667
85 2.816669999999984 0.29657786333333336 0.06831613600000001 3.1923898666666695 0.0347737685 1.43928165 1.2356031999999995 5.529440383333336 0.6556828666666672
86 2.849999999999973 0.3268018750000001 0.08350297966666664 3.3501725833333325 0.043422989833333335 1.4802226333333337 1.3731744833333335 4.784649466666667 0.8780190149999999
87 2.883329999999954 0.35556284166666663 0.10041518683333332 3.415315533333332 0.052447835166666706 1.518831516666667 1.5176557499999987 3.549011816666669 1.0468171166666669
88 2.9166700000000167 0.3816569466666669 0.11899061333333338 3.3782266000000005 0.061582300666666694 1.5502252833333334 1.6685527999999992 2.602192466666666 1.1734601833333325
89 2.95000000000003 0.4071122083333327 0.13926053500000016 3.2844804499999984 0.07066740949999993 1.5759076333333348 1.82547565 2.146343583333335 1.2803196166666668
90 2.9833300000000196 0.4293328500000002 0.16112260333333348 3.15451768333333 0.07959135233333339 1.59931675 1.9883486000000006 1.9147657333333337 1.3778157666666666
91 3.0166699999999804 0.45037619666666673 0.1845714616666668 2.9782258666666666 0.088205895 1.6228793999999986 2.1573353000000006 1.6247980166666658 1.4624063666666651
92 3.0499999999999696 0.47049148666666657 0.2096120483333335 2.8059920166666643 0.09650256449999993 1.6371479333333325 2.331595466666665 1.2754017166666671 1.5302823166666677
93 3.0833299999999806 0.4875326799999997 0.23612991666666658 2.6183514666666694 0.1044145866666667 1.6505543666666673 2.511144399999999 0.9442570666666665 1.5816392166666666
94 3.1166700000000507 0.5033146766666671 0.2641012283333333 2.4238625833333347 0.11189814666666666 1.6592361833333322 2.6955604000000006 0.6896169600000003 1.6199621666666686
95 3.1500000000000328 0.5184240349999998 0.2935317733333333 2.2499437833333324 0.11899412333333349 1.6653208000000008 2.8846334833333342 0.5068068966666663 1.6487316666666667
96 3.1833300000000224 0.5336175116666663 0.3244693433333335 2.0882195666666665 0.12572014166666673 1.6723974833333328 3.0785496833333346 0.38236883666666677 1.6708988333333323
97 3.216670000000018 0.5466093749999998 0.3568273166666668 1.948140250000002 0.13212708333333334 1.6725065166666666 3.2765608000000013 0.3034088733333331 1.6888591333333338
98 3.25 0.5572530549999997 0.39050252666666696 1.8163594666666676 0.13822505166666663 1.671263216666667 3.4785470000000003 0.2547946183333332 1.7042557999999997
99 3.2833299999999817 0.5682594999999999 0.42555089166666665 1.7040209166666676 0.14406380166666666 1.6678310833333359 3.684274033333335 0.2306069916666667 1.7184780166666678
100 3.316669999999976 0.5762887833333326 0.46181984999999987 1.5886453666666676 0.14961839500000004 1.6615958499999999 3.893415333333337 0.2224509199999999 1.7324773166666667
101 3.3499999999999637 0.5864217283333324 0.4994720533333333 1.5034279166666658 0.1549811616666668 1.6493080666666666 4.105203249999996 0.22710462499999962 1.74705845
102 3.3833299999999444 0.5944018916666669 0.5384000866666668 1.423448533333333 0.16016015999999983 1.6332499999999994 4.319123166666668 0.24930349000000016 1.763384716666665
103 3.4166700000000234 0.6022236716666666 0.5786212050000004 1.354920350000001 0.1651875233333335 1.6160760999999997 4.534985666666664 0.2874175050000002 1.7825794833333346
104 3.4500000000000295 0.6088084583333334 0.6200793633333337 1.3022162666666661 0.17011402000000014 1.5933529833333333 4.751985466666673 0.33933815499999936 1.8056867999999993
105 3.4833300000000196 0.6138466666666661 0.6626922766666662 1.232944171666668 0.17486901666666654 1.5695246833333338 4.969890599999997 0.40890830333333344 1.834071266666667
106 3.5166699999999804 0.6209795633333328 0.7066292933333334 1.1998922133333345 0.17958554166666663 1.5426944833333325 5.188189950000002 0.5110881999999997 1.870231050000001
107 3.5499999999999763 0.6251635883333335 0.7517048816666658 1.1572638300000009 0.18422115000000028 1.5162169833333328 5.406828733333335 0.666023948333333 1.9182503000000002
108 3.5833299999999744 0.630596128333334 0.7980300116666665 1.1361982666666668 0.1888582649999999 1.4890063333333354 5.625595066666665 0.8907065166666672 1.9836805333333314
109 3.616670000000047 0.6346473766666667 0.8455241349999999 1.1084034333333335 0.19346642500000003 1.4638271333333306 5.844681783333332 1.2529675999999994 2.0774421833333325
110 3.6500000000000408 0.6397446916666667 0.8942863466666671 1.0992605116666656 0.19812128666666667 1.4379263333333336 6.063876983333338 1.9058006999999997 2.2226971333333334
111 3.683330000000012 0.6439664833333328 0.9442709683333331 1.0887036666666674 0.20281602166666676 1.4132787333333334 6.283267866666666 2.943840616666668 2.4511858833333333
112 3.7166700000000006 0.6479486433333328 0.995478946666667 1.079763581666667 0.20755683166666633 1.3913589666666666 6.503183383333335 3.9310536000000016 2.7618450999999986
113 3.75 0.6517301900000002 1.0479139499999992 1.0704660066666658 0.2123415216666667 1.370837416666666 6.7237587 3.9901003833333264 3.0828515
114 3.783330000000003 0.6549909150000001 1.10155245 1.0737424833333329 0.2172265733333334 1.353259666666668 6.945394533333321 2.9662092333333345 3.325746833333328
115 3.816669999999994 0.6590782599999995 1.1564805999999999 1.0790491483333327 0.22222258833333328 1.3352657833333326 7.167953816666675 1.7554066999999982 3.472036333333331
116 3.849999999999957 0.6637871100000007 1.2127719833333332 1.094106103333334 0.2273772466666669 1.3199403833333343 7.391817299999993 1.0712025099999996 3.562873216666666
117 3.8833299999999644 0.6688292700000003 1.2704771166666669 1.1026289150000006 0.2326623316666667 1.3057401499999999 7.617124666666668 0.8454293766666668 3.635811133333331
118 3.9166700000000296 0.6730731716666658 1.3295498166666664 1.118565323333334 0.2381162749999999 1.2911408166666682 7.843753699999987 0.7705783766666671 3.7034380166666696
119 3.950000000000003 0.6787790983333337 1.3901410666666676 1.1333901466666663 0.24373698666666668 1.2798990166666657 8.072249166666666 0.7205149850000002 3.767751900000001
120 3.9833300000000205 0.6857604799999997 1.452393866666667 1.1605655199999998 0.24959000166666656 1.2693121666666647 8.302695850000003 0.6775911233333333 3.8292594666666666
121 4.016669999999979 0.6914965783333334 1.5162220666666655 1.180968421666667 0.2556459933333333 1.2600530500000002 8.535306016666663 0.6558078633333334 3.8897900999999973
122 4.050000000000002 0.6984264533333332 1.5817640166666669 1.2117599300000002 0.261963483333333 1.248211 8.769570516666667 0.6611432033333332 3.9518303499999994
123 4.083329999999969 0.7046544533333329 1.648983516666668 1.2409352999999999 0.26853997833333304 1.2411066833333342 9.00635155 0.6990689249999996 4.018513966666668
124 4.116670000000028 0.712677618333333 1.7180829666666666 1.2669682500000006 0.2753645549999999 1.2297918833333321 9.244820349999989 0.7826687100000005 4.094396066666671
125 4.150000000000047 0.7202137649999998 1.7890486333333346 1.3071898666666664 0.28252026833333366 1.2242543666666665 9.486075299999992 0.976375895000001 4.190596983333335
126 4.183329999999992 0.7267350983333336 1.8618112666666653 1.3368339333333348 0.28995623666666653 1.2139069166666663 9.729148950000003 1.3683240666666663 4.327590899999999
127 4.216669999999976 0.7325079200000001 1.9363258833333319 1.3616245666666664 0.29765125500000017 1.20437295 9.974171783333325 1.9910162333333323 4.53011638333333
128 4.25 0.7409530600000005 2.012895716666669 1.3899938166666683 0.30563134333333347 1.195281300000001 10.221205499999993 2.624565366666664 4.801324466666661
129 4.283330000000027 0.7477326983333326 2.0913835000000023 1.4087366000000008 0.31384639499999983 1.188139733333333 10.470631000000003 2.9310378166666644 5.108971433333334
130 4.316670000000013 0.7523089833333342 2.1715847499999965 1.4129481000000013 0.3222147383333332 1.1798555666666661 10.722183833333323 2.803031083333334 5.407779783333331
131 4.349999999999952 0.7552909233333345 2.2533526666666672 1.407953366666667 0.33068278333333345 1.1694387333333334 10.975386499999987 2.451615566666664 5.673177866666672
132 4.383329999999981 0.7606349983333336 2.336965950000001 1.384033566666667 0.3391350466666665 1.163103633333333 11.23108933333333 2.065604533333333 5.9002280833333325
133 4.416670000000034 0.7637032416666663 2.4221976666666696 1.3599266666666665 0.34756685833333323 1.1543543500000006 11.488743833333338 1.6967824833333325 6.089585316666663
134 4.449999999999982 0.7666983450000001 2.509060716666667 1.3217414666666654 0.3558860666666667 1.1476313666666667 11.74877666666667 1.3740013166666663 6.2452446
135 4.483330000000021 0.769435231666666 2.597544800000002 1.2842373833333331 0.3640908233333335 1.1389194999999994 12.010718333333335 1.1252079166666673 6.374634749999996
136 4.516669999999979 0.7717955316666671 2.6876244333333346 1.2281429350000004 0.3720542700000001 1.1300398666666656 12.274494833333325 0.9601830549999987 6.486696216666664
137 4.550000000000021 0.7725098583333334 2.779123400000001 1.184376933333334 0.37984766333333314 1.124343899999999 12.540827999999994 0.8719541233333346 6.5899686666666675
138 4.5833299999999655 0.7714123400000001 2.8718361833333352 1.1349187783333325 0.3874255283333334 1.1170556166666656 12.8093315 0.8421722449999991 6.6911806500000015
139 4.6166700000000125 0.7721520216666662 2.965992350000002 1.0954226166666665 0.3948464566666665 1.109652566666667 13.079948499999984 0.858425698333333 6.795851366666666
140 4.650000000000052 0.7728953783333333 3.0616050833333373 1.0533709000000007 0.40208587499999954 1.1022658333333333 13.352654833333341 0.9168074033333333 6.9092610000000025
141 4.683329999999976 0.7734472066666672 3.1586625166666664 1.0206668783333324 0.4092014466666664 1.0949792333333332 13.627458500000001 1.0179604083333331 7.0369955166666704
142 4.716669999999957 0.7730618883333337 3.257057766666667 0.9925436133333325 0.4162198183333331 1.0888654166666674 13.904634166666664 1.1583674166666673 7.184424783333339
143 4.75 0.7719196683333333 3.356701200000002 0.9631223316666653 0.4231267733333336 1.0843660500000012 14.18457799999999 1.3440866666666649 7.357917483333336
144 4.783330000000046 0.7714421666666672 3.4576857000000003 0.9453972116666672 0.43000203166666734 1.0774806666666663 14.466663166666667 1.5555699833333323 7.5615363333333425
145 4.816670000000028 0.7718322266666666 3.560133866666668 0.9278690650000001 0.4368442116666668 1.0715816833333345 14.751126499999991 1.7563158999999993 7.794647016666661
146 4.849999999999947 0.7724488750000004 3.6640882 0.9184358366666671 0.4437108833333335 1.0669041166666673 15.038280666666664 1.8878773666666677 8.04869970000001
147 4.883329999999995 0.7724185550000011 3.769471899999997 0.9065634400000009 0.45058234166666683 1.0621738500000013 15.328105000000003 1.893627333333333 8.307041433333328
148 4.916670000000037 0.7723914949999999 3.876295866666663 0.8972874083333323 0.4574766716666667 1.0568732333333342 15.620436000000003 1.7818865666666663 8.553468050000003
149 4.9499999999999655 0.7734507849999992 3.984721449999998 0.8941466566666666 0.46444026999999966 1.0540569333333336 15.91595066666667 1.6266167999999985 8.781482233333334
150 4.983330000000021 0.7731324433333323 4.094567049999998 0.8930857916666674 0.4714896433333333 1.0489518833333336 16.21401266666667 1.5277198000000007 8.9985276
151 5.016669999999979 0.77334678 4.205917866666669 0.8950385383333325 0.4786492450000001 1.044993061666666 16.51493183333333 1.548543083333334 9.22148453333335
152 5.050000000000037 0.7744816833333337 4.318918950000004 0.8937844133333335 0.48589408499999925 1.0426582400000008 16.81918333333332 1.6699795666666657 9.46513128333333
153 5.083329999999962 0.7761604033333338 4.433664983333331 0.8964113550000009 0.49325651499999984 1.039682183333334 17.12658399999999 1.839831516666665 9.737114166666665
154 5.116669999999999 0.7766426483333331 4.549992683333334 0.9010882900000003 0.500754663333334 1.036966304999999 17.437216499999984 1.9773475000000007 10.033273216666663
155 5.150000000000055 0.778177083333333 4.668074150000003 0.9090859566666666 0.5084183416666662 1.0346712149999997 17.75121333333333 2.014520266666668 10.338942166666667
156 5.183329999999963 0.7801669266666672 4.787994966666663 0.9134621466666674 0.5162189016666668 1.0331908983333336 18.068830833333337 1.9040781999999987 10.631605333333326
157 5.216669999999941 0.781635848333333 4.909691833333328 0.922537035 0.5241986316666676 1.0327988666666674 18.39042566666667 1.6792891500000016 10.893049666666666
158 5.25 0.7826478899999997 5.033108650000002 0.9265528466666664 0.5323158800000005 1.033134385000001 18.716250000000016 1.4190143500000003 11.116804333333327
159 5.283330000000061 0.7864648133333335 5.158707049999999 0.9383367333333321 0.5406409566666672 1.0322623350000002 19.045946333333358 1.2030311666666667 11.308917833333338
160 5.31667000000004 0.7886193833333339 5.286243466666665 0.9462172549999995 0.5491422816666671 1.0338672199999992 19.38033533333335 1.057673533333334 11.479957666666678
161 5.349999999999943 0.7912323133333339 5.4158121833333315 0.9534789050000008 0.5578165516666667 1.0359484899999998 19.71961083333332 0.9748750866666668 11.639590666666672
162 5.383330000000006 0.7949425166666674 5.547615766666667 0.9663713599999995 0.5667180366666668 1.037278571666667 20.063568999999987 0.929054723333333 11.793621999999992
163 5.416670000000039 0.7983994233333332 5.681637083333332 0.9740113199999998 0.5758013800000003 1.0409165833333334 20.413021666666683 0.9009985366666683 11.944857333333317
164 5.449999999999952 0.8013474416666662 5.817812949999999 0.9832473850000002 0.5850840433333336 1.0429885233333331 20.767490666666678 0.8907683133333331 12.09622249999999
165 5.483330000000021 0.804969213333333 5.956283483333328 0.9911945949999995 0.5945565100000004 1.045857016666667 21.127300499999997 0.8933793516666658 12.249892333333321
166 5.516669999999979 0.8082677433333333 6.0970169333333315 1.0015731016666656 0.6042449883333331 1.0491502333333314 21.4926425 0.9129815899999996 12.40884983333334
167 5.5500000000000504 0.812755475 6.240247050000001 1.0115186966666665 0.6141481916666666 1.0534688 21.86393200000001 0.9570375749999992 12.577499833333327
168 5.583329999999959 0.8168440083333331 6.385932033333337 1.021298934999999 0.6242676450000001 1.056398499999999 22.240742000000008 1.0343433166666665 12.761967333333335
169 5.616669999999989 0.8209333133333337 6.534099683333337 1.0329760516666662 0.6346253766666663 1.059857916666667 22.62331416666668 1.140798666666667 12.96785566666666
170 5.650000000000058 0.8248133716666666 6.684740299999999 1.0454550899999986 0.6452330083333333 1.0635007833333334 23.011765500000017 1.2366078666666651 13.193694333333323
171 5.683329999999953 0.8280724716666664 6.837765383333329 1.0520328799999994 0.6560336850000007 1.0671236666666672 23.40616166666667 1.2883216833333326 13.431754666666663
172 5.716669999999928 0.8327176800000003 6.993459350000003 1.0609978016666668 0.6670545699999993 1.0701296166666665 23.80631649999999 1.2740158499999978 13.66994916666666
173 5.75 0.8367755100000006 7.151742233333333 1.0757763999999999 0.6783596833333332 1.0729567999999992 24.212224166666658 1.2064271833333342 13.898144833333351
174 5.783330000000074 0.8401828500000008 7.31251725000001 1.0824973499999988 0.6898676316666662 1.0756117 24.623864833333343 1.1224696499999993 14.112924499999998
175 5.816670000000051 0.8440132166666656 7.475892416666666 1.0919340899999996 0.7016101783333333 1.0784519333333333 25.041363166666663 1.0454431750000008 14.315278333333344
176 5.849999999999941 0.8480369716666658 7.641933283333343 1.0959880633333352 0.7135317499999998 1.0805591000000005 25.464489166666667 0.9926407216666657 14.509625333333336
177 5.883330000000015 0.8504127883333331 7.810341983333334 1.1065481966666653 0.7257057383333323 1.0838773499999992 25.89376283333333 0.969345785 14.701574666666666
178 5.9166700000000425 0.8545443616666654 7.981492333333329 1.1134211666666665 0.7380945249999993 1.0856384833333337 26.328620666666655 0.9738580083333327 14.896610500000007
179 5.949999999999941 0.8590144750000002 8.155481783333341 1.1206489383333331 0.7507046416666662 1.0870810000000004 26.768973666666653 1.0044721299999992 15.100050499999995
180 5.983330000000021 0.8618296183333338 8.332002283333333 1.1226742850000004 0.7634794999999993 1.0885851333333338 27.214894499999996 1.0526678750000005 15.315649000000015
181 6.016669999999979 0.8660455616666672 8.511368783333339 1.1281123633333323 0.7764596566666666 1.0920372 27.667224000000004 1.1188316666666671 15.547357999999997
182 6.050000000000061 0.8685722716666657 8.693256999999997 1.134697748333333 0.7896606200000004 1.0922652333333338 28.12467533333335 1.1993715 15.798506833333356
183 6.083329999999957 0.8707920466666674 8.87762548333334 1.138213783333333 0.8030488600000006 1.0936798666666663 28.587783500000004 1.27602085 16.068657333333324
184 6.116669999999981 0.8742324949999994 9.064755799999999 1.1365705499999994 0.8165646933333335 1.0944757333333333 29.056321999999994 1.3275496333333312 16.35280750000001
185 6.150000000000062 0.8765400200000005 9.25443106666667 1.1404117350000014 0.8302743949999997 1.096248899999999 29.530744833333326 1.3342633333333325 16.641514500000003
186 6.183329999999943 0.8794221033333341 9.446797983333333 1.1398845166666656 0.8441266983333332 1.096310666666667 30.01035166666668 1.3015478 16.926204999999992
187 6.216669999999917 0.881582745 9.641722783333352 1.137604295 0.8581007500000002 1.0971827166666663 30.49553116666666 1.253251400000001 17.203294333333332
188 6.25 0.8841591583333328 9.839319183333325 1.1415526716666675 0.8722740383333325 1.0974035666666662 30.986023666666654 1.2245274666666672 17.4769435
189 6.283330000000084 0.8856088183333335 10.03935748333333 1.1387006816666663 0.8865631466666669 1.0972004333333336 31.481673999999977 1.2286437000000001 17.754448166666677
190 6.316670000000059 0.8887221966666667 10.242231666666664 1.1359900000000005 0.900969950000001 1.0977522833333324 31.982845500000014 1.2688489833333338 18.044086499999995
191 6.3499999999999375 0.8904830766666663 10.447661666666669 1.1380543450000011 0.9155555849999994 1.0969913333333339 32.488969833333385 1.3348333166666664 18.352006166666648
192 6.383330000000024 0.8929234249999997 10.655821333333341 1.1321714433333339 0.930218589999999 1.096304366666668 33.00010316666668 1.44113235 18.68794866666666
193 6.416670000000044 0.8941552416666667 10.866450166666672 1.1324230666666666 0.9450384116666675 1.0957927166666666 33.51634733333336 1.579858616666668 19.06008700000002
194 6.449999999999931 0.89532601 11.079554333333327 1.1311575416666673 0.9599958716666656 1.0944376666666675 34.037322166666684 1.7349325833333349 19.473010333333335
195 6.483330000000021 0.897388903333333 11.295359666666673 1.1319377500000005 0.9751187933333334 1.093683383333333 34.563334333333344 1.8542330833333336 19.91890033333332
196 6.516669999999979 0.8990884083333337 11.513804333333336 1.1255007083333322 0.990310705 1.0923738333333342 35.09413433333332 1.8823204666666664 20.37620833333332
197 6.550000000000071 0.9008467333333331 11.734921666666667 1.1203079066666668 1.0055877566666664 1.0914172666666668 35.629906166666686 1.7825189666666672 20.813712500000033
198 6.583329999999956 0.9030197600000006 11.958832666666666 1.123007609999999 1.0210576500000004 1.0907066500000007 36.17079166666663 1.5930570999999998 21.208704666666655
199 6.616669999999973 0.903330811666667 12.185096000000005 1.1180647333333336 1.03661595 1.0901647833333323 36.71689949999998 1.3798679166666667 21.554312333333343
200 6.650000000000063 0.9061000466666667 12.414345666666668 1.114145103333334 1.0522763166666669 1.0877472833333333 37.267299333333355 1.2057794166666667 21.859364333333325
201 6.683329999999936 0.9073483450000007 12.646217833333324 1.1104261166666671 1.068041116666666 1.085692066666666 37.82217899999999 1.090154283333333 22.137939499999995
202 6.716669999999908 0.9071872233333329 12.880366833333326 1.1129439449999985 1.0839998666666661 1.0844524000000009 38.38197049999997 1.0208220983333336 22.401404499999995
203 6.75 0.9084323099999997 13.117169833333328 1.1082928750000005 1.1000498833333328 1.0820876500000012 38.94609900000003 0.9832596216666659 22.657700166666668
204 6.783330000000094 0.9097970416666662 13.356677666666666 1.1018330599999993 1.1161645999999994 1.0797754166666655 39.51459366666666 0.964630015 22.911629499999993
205 6.816670000000067 0.9113831983333339 13.598967833333337 1.1029031816666663 1.1324535166666667 1.0784670166666666 40.08799249999999 0.9574718566666665 23.16615883333333
206 6.8499999999999375 0.9115543266666672 13.843676333333333 1.1025393233333334 1.1488967666666663 1.0770407666666684 40.66624833333328 0.9571716016666655 23.423103166666664
207 6.883330000000027 0.9122700966666667 14.09096649999999 1.0977236800000008 1.1654281333333316 1.0744353333333334 41.248732999999994 0.9659220133333339 23.68492333333333
208 6.91667000000004 0.9125225199999996 14.34072733333334 1.09558503 1.1820873666666667 1.0727396333333332 41.835944166666714 0.9783319100000007 23.952682333333318
209 6.949999999999924 0.9133296350000001 14.593126666666667 1.0944805566666655 1.1988906333333342 1.0712979166666663 42.42803566666666 1.0007223450000005 24.229219000000015
210 6.983330000000021 0.914228025000001 14.848202666666673 1.091923756666667 1.2158160666666662 1.068035200000001 43.02399716666663 1.0317130200000004 24.517058000000002
211 7.016669999999979 0.9151531250000012 15.10598000000001 1.0887671916666664 1.232853383333334 1.0659621166666668 43.62449250000005 1.0717382833333344 24.818924833333362
212 7.050000000000077 0.9153554383333337 15.366266166666668 1.086502315000001 1.2500177833333335 1.0647296666666668 44.23000699999995 1.1219820000000007 25.13795433333333
213 7.083329999999971 0.9151363966666664 15.628962333333357 1.0828829733333345 1.2672869166666674 1.061971416666666 44.839679166666635 1.164347366666666 25.472165833333342
214 7.116669999999986 0.9158740066666669 15.89434300000002 1.0853816183333327 1.2847592000000003 1.0597439166666671 45.453808166666704 1.1851350499999997 25.815557666666653
215 7.150000000000044 0.9166850583333328 16.162460833333345 1.0798810316666674 1.302306649999999 1.0572697666666668 46.07226016666666 1.1835192166666664 26.161699333333335
216 7.18332999999993 0.9171702549999998 16.433225333333343 1.0789126500000001 1.3200015833333334 1.0552000999999986 46.69526733333336 1.1714110666666664 26.507502166666676
217 7.2166699999999 0.9163322616666665 16.706255666666674 1.0739148899999995 1.337778399999999 1.0526082833333334 47.322528000000005 1.1572246000000015 26.852291166666667
218 7.25 0.918053695000001 16.982331833333337 1.068968483333333 1.3556374000000002 1.0509769500000004 47.954612500000025 1.1496832333333338 27.19800933333332
219 7.283330000000101 0.9179147516666666 17.26091400000001 1.0673955733333336 1.373634733333333 1.0487923166666657 48.591198 1.1438240499999996 27.545133666666654
220 7.316670000000072 0.9177891933333329 17.542008833333337 1.0627666766666675 1.3917179166666644 1.0460537333333326 49.23194699999999 1.1401649500000006 27.894319999999983
221 7.349999999999967 0.9185598099999999 17.825912333333328 1.0617542950000012 1.4099489166666677 1.0441328666666676 49.87735916666666 1.1324991333333334 28.244329500000003
222 7.383330000000001 0.9193956533333335 18.112657166666658 1.0564627016666677 1.4282542333333335 1.042468400000001 50.52759949999998 1.1254918333333332 28.595332333333324
223 7.416670000000011 0.9201717900000006 18.402243333333338 1.0535483783333328 1.4466742166666646 1.040029650000001 51.18219200000006 1.1167932333333346 28.946777333333326
224 7.449999999999917 0.9201546366666662 18.69442950000001 1.0488308450000008 1.4651766000000002 1.0388756833333341 51.841949333333346 1.1080501999999994 29.298610666666683
225 7.483330000000022 0.9214012583333345 18.98963716666667 1.0467377500000012 1.4838081166666657 1.03634515 52.505999999999915 1.0988619166666673 29.650657500000033
226 7.516669999999978 0.9208445066666668 19.28729716666668 1.039892845000001 1.5024824833333326 1.0341491333333324 53.174558999999974 1.0870067499999985 30.002016166666646
227 7.550000000000085 0.9220504000000004 19.588002333333314 1.035423995 1.521242316666667 1.0323065666666669 53.84785933333335 1.07406455 30.352275500000008
228 7.5833299999999975 0.9225125233333326 19.891517166666652 1.0336900516666674 1.540136450000002 1.0306641166666675 54.526040666666646 1.0568961166666668 30.69998649999997
229 7.61667000000001 0.9232412816666666 20.19794716666666 1.0344273283333338 1.5592106166666682 1.0283138999999997 55.208632166666696 1.037864418333333 31.04444400000002
230 7.650000000000018 0.9242942266666664 20.50742083333333 1.0280949916666673 1.5783341 1.0271787166666664 55.896454333333324 1.0235322566666658 31.38712349999999
231 7.683329999999923 0.9246859349999996 20.819725166666668 1.0240631100000004 1.5975494000000006 1.0260494833333322 56.589518166666636 1.0122445450000006 31.728987333333315
232 7.716669999999895 0.9253880966666664 21.134987166666658 1.0159581783333318 1.6167780833333338 1.0243553200000006 57.287458166666696 1.0075029983333332 32.072207166666715
233 7.75 0.9263673750000011 21.453317000000006 1.0148402083333328 1.63615165 1.0224398499999994 57.990120833333286 1.0132168583333336 32.42036100000003
234 7.783330000000107 0.9270851633333332 21.77463700000001 1.0099402033333333 1.6555984500000005 1.021731326666666 58.69835366666663 1.0296109216666658 32.77719933333336
235 7.816670000000078 0.9282149933333326 22.09911066666668 1.0048979716666677 1.6751137666666673 1.020176753333333 59.4115755 1.0506200683333342 33.14444416666664
236 7.8499999999999925 0.9286241600000009 22.42650083333332 1.0008729133333336 1.6947174333333335 1.0190949600000005 60.130134500000025 1.071928466666667 33.5223365
237 7.8833299999999795 0.9297444333333332 22.75707533333335 0.999743645 1.7144651333333347 1.0174618416666659 60.85364199999999 1.0793440833333332 33.90608466666666
238 7.916669999999986 0.9307017266666662 23.090797333333352 0.9918363133333334 1.7342232666666662 1.0168620800000006 61.582854000000005 1.0697906333333338 34.2896601666667
239 7.9499999999999105 0.9315397133333331 23.427638666666684 0.9922818783333328 1.7541566666666661 1.015367531666666 62.31713733333329 1.0397534433333342 34.66560966666667
240 7.983330000000022 0.9331485250000003 23.767897333333316 0.9857264366666659 1.7741251500000002 1.0152515499999997 63.057509666666654 1.0011510883333339 35.03064500000002
241 8.016669999999978 0.9335405583333343 24.111142833333314 0.9833515299999999 1.7942118833333347 1.0140034350000011 63.80315900000005 0.9648652783333325 35.385392499999995
242 8.050000000000091 0.9345093450000002 24.45760900000001 0.9819351950000013 1.8144369666666655 1.0140591133333332 64.55506183333333 0.9410645599999998 35.7342766666667
243 8.083330000000021 0.9353098433333334 24.807252833333358 0.9792549866666667 1.8347741666666662 1.0133906950000007 65.31270283333328 0.9298976000000007 36.08187483333331
244 8.116669999999983 0.9368700166666664 25.16037249999997 0.978149501666666 1.8552562666666665 1.0125466083333334 66.07597116666665 0.9274366866666666 36.431423999999986
245 8.149999999999993 0.9377517833333335 25.51673183333334 0.9748047933333334 1.8758361833333337 1.0122874600000005 66.84532433333338 0.9318118066666661 36.785512
246 8.18332999999992 0.9389755733333341 25.876485833333344 0.9730690433333332 1.896548250000001 1.011129881666668 67.62009733333332 0.938460833333334 37.145046166666674
247 8.216669999999889 0.9396791366666664 26.239446000000004 0.9720110266666673 1.9174063166666675 1.0110652583333337 68.40114283333337 0.9487310166666659 37.51148383333336
248 8.25 0.940809881666666 26.605795500000028 0.9722604783333341 1.9384395499999998 1.0115177483333333 69.1888931666667 0.959329585 37.885028166666636
249 8.283330000000113 0.9423024066666669 26.975697833333335 0.971327055 1.9596227166666669 1.0109619150000002 69.98258499999999 0.974640571666667 38.26760966666671
250 8.316670000000082 0.9438208483333337 27.349185666666653 0.9686750749999995 1.980918666666665 1.01076994 70.7825261666666 0.9930652333333336 38.66056050000002
251 8.350000000000014 0.9452939233333331 27.726260000000003 0.9678209216666662 2.0023663833333343 1.0107473399999998 71.58887316666672 1.0133819349999995 39.06477549999997
252 8.383330000000006 0.945559870000001 28.106459833333375 0.9685358716666674 2.0240017166666684 1.0110656116666663 72.40192916666672 1.0402199450000007 39.48301549999998
253 8.416669999999963 0.9471084650000016 28.49031583333336 0.9658918283333332 2.045750049999999 1.0107685549999996 73.22122016666665 1.0719128666666673 39.917433166666626
254 8.449999999999905 0.948237376666667 28.877675666666637 0.9662328283333337 2.0676785333333347 1.0110053316666658 74.04720700000007 1.1065298166666655 40.3694351666667
255 8.483330000000022 0.949448026666667 29.268602000000005 0.9650363716666677 2.089752983333335 1.0107624216666662 74.87952566666672 1.137244700000001 40.837661333333315
256 8.516669999999978 0.9511614600000001 29.663312166666675 0.9650596033333327 2.1120018333333324 1.0108238416666684 75.71844433333335 1.1606857666666675 41.319299000000015
257 8.550000000000095 0.9520449983333326 30.061491833333342 0.9672829766666661 2.134477083333332 1.0110568500000001 76.56414216666664 1.1687355666666674 41.80807766666671
258 8.583330000000043 0.9543834083333339 30.463766499999977 0.9657453666666658 2.157091666666668 1.0109001216666664 77.41631350000007 1.1673994166666681 42.30011399999997
259 8.616670000000003 0.9542771583333325 30.869125333333333 0.9660466750000009 2.1798895000000003 1.0107072600000016 78.27495133333328 1.1602176333333343 42.792928833333356
260 8.649999999999974 0.95578946 31.27827516666667 0.9653020800000018 2.2028460999999995 1.010758918333334 79.14029250000002 1.150894583333333 43.28557416666673
261 8.683329999999915 0.9574884583333333 31.69131633333329 0.9664918766666662 2.226008633333333 1.0108288166666666 80.01237350000008 1.1430524333333336 43.77863966666665
262 8.716669999999882 0.9587909583333323 32.10810016666668 0.96839417 2.2493954666666647 1.011386678333334 80.89165000000003 1.1345816166666653 44.27181566666666
263 8.75 0.9609484766666663 32.5290246666667 0.9669675666666662 2.272926533333334 1.0114085283333345 81.77768383333324 1.1276037833333323 44.765714499999966
264 8.783330000000118 0.9615624849999993 32.953434000000016 0.9672996033333338 2.2966452666666646 1.0115929233333332 82.6706401666668 1.120375066666668 45.260193
265 8.816670000000087 0.9632697783333329 33.38183116666667 0.9692236466666676 2.320592183333331 1.010812751666667 83.56969550000005 1.1097123166666663 45.75369083333331
266 8.850000000000033 0.9647056683333335 33.81411216666668 0.9707148799999995 2.3447575333333335 1.0120151799999997 84.47663999999997 1.0986100833333328 46.24595383333336
267 8.883329999999987 0.9667669933333347 34.250586000000006 0.9730049500000009 2.3691628499999977 1.0115350000000007 85.38999383333321 1.078615033333333 46.73290249999998
268 8.916669999999945 0.9675768266666677 34.69071516666665 0.9739470766666668 2.393775183333337 1.0105204766666667 86.30929350000004 1.0557626166666674 47.21311866666668
269 8.9499999999999 0.9696645616666655 35.13509483333331 0.9762275833333335 2.4186304000000005 1.0110411483333344 87.23595600000003 1.0298281716666666 47.6850498333333
270 8.983330000000022 0.9707080716666674 35.58327299999996 0.9767553433333321 2.4436839333333364 1.0109946066666653 88.16949199999992 1.0053581500000006 48.14920233333331
271 9.016669999999978 0.9719672383333331 36.03537083333331 0.9777451549999999 2.4689496166666705 1.0105097916666659 89.10951599999997 0.986665768333333 48.608114333333326
272 9.0500000000001 0.9738560499999996 36.49170016666665 0.9797079100000013 2.4944537166666674 1.0101376983333326 90.05615599999993 0.9713742299999999 49.06325933333334
273 9.083330000000062 0.9750390466666643 36.95195866666665 0.976910311666666 2.5200726333333328 1.0105416649999999 91.0101618333333 0.9636791966666671 49.518130000000035
274 9.11667000000002 0.9767632133333334 37.41641800000002 0.980132773333334 2.545965100000002 1.0103929333333335 91.97104133333342 0.9623854100000009 49.975732666666666
275 9.149999999999956 0.9779476183333332 37.88484983333335 0.9810019283333324 2.572070066666667 1.0105581150000007 92.93911999999997 0.9658295700000006 50.438337833333335
276 9.18332999999991 0.9791327866666669 38.357266499999994 0.9817062833333328 2.598384583333335 1.010230276666666 93.91394683333341 0.9732654016666669 50.90790016666666
277 9.216669999999878 0.9807056766666652 38.83389083333339 0.9834492050000004 2.6249376333333316 1.0108380416666662 94.89645449999996 0.984260709999999 51.38622783333338
278 9.25 0.9818781783333332 39.314540333333284 0.9848758483333335 2.6517219333333317 1.0108231100000007 95.88606999999999 0.9980503016666676 51.87477116666668
279 9.283330000000124 0.982989431666666 39.79920900000001 0.983788668333332 2.6786697833333335 1.011034658333333 96.8830343333334 1.0111116333333334 52.37328066666667
280 9.31667000000009 0.984528238333333 40.2881285 0.9868986483333344 2.705897516666668 1.0109077416666663 97.88704616666665 1.0202472883333327 52.8799125
281 9.350000000000051 0.9854039433333346 40.78098966666668 0.9845173116666666 2.7332541833333335 1.011167204999999 98.89851666666658 1.023743991666667 53.391926166666664
282 9.383329999999969 0.9864939083333335 41.27791866666667 0.9860963183333329 2.760850116666668 1.0115550849999984 99.91759266666668 1.0182316533333327 53.904819499999974
283 9.416669999999927 0.9875645883333332 41.77893183333336 0.9851101699999998 2.788614916666664 1.0122596583333354 100.94466333333338 1.004970603333333 54.41463400000001
284 9.449999999999896 0.9887665849999995 42.28411 0.9867607766666666 2.8166234333333335 1.012075626666667 101.97880000000004 0.9888651033333347 54.91983983333334
285 9.483330000000022 0.990052745000001 42.79351749999995 0.9864414033333336 2.844820783333333 1.012602710000001 103.02079166666665 0.9708423433333327 55.41934250000004
286 9.516669999999978 0.9905476883333335 43.30677083333333 0.986054128333333 2.8732055999999955 1.0123920799999997 104.06991666666664 0.9555611166666679 55.914443166666736
287 9.550000000000104 0.9920201449999985 43.824398333333306 0.9846358433333338 2.9017485000000027 1.012813841666666 105.12684666666664 0.9454254600000004 56.40772933333336
288 9.58333000000008 0.992772621666668 44.34603649999999 0.9842132066666668 2.9304786333333337 1.0128172983333321 106.19115333333343 0.9389743599999989 56.901080333333326
289 9.616670000000038 0.9931099399999992 44.871491166666665 0.9843503116666674 2.9594130499999984 1.013299224999999 107.2634033333333 0.9345088666666671 57.39550033333338
290 9.64999999999994 0.9938998450000001 45.40101333333334 0.9811938099999999 2.988454866666666 1.0131391666666667 108.34293499999998 0.936140076666667 57.894223666666704
291 9.683329999999907 0.9953112583333337 45.93495566666668 0.9817576333333335 3.0177141833333345 1.0135967766666667 109.43039499999995 0.9383385550000003 58.39758066666668
292 9.716669999999873 0.9961559916666677 46.47303816666662 0.981101828333333 3.047155966666666 1.013657898333334 110.52546499999997 0.9406035116666658 58.90563249999998
293 9.75 0.9966073683333334 47.015066833333364 0.980570406666667 3.0767842666666625 1.0141566033333327 111.62856499999997 0.9452302366666671 59.41969116666666
294 9.783330000000127 0.9980933833333338 47.56161816666668 0.9811113483333327 3.1066316499999993 1.0142402533333337 112.73932666666666 0.9493279899999989 59.939514500000044
295 9.816670000000094 0.9978795999999989 48.11178499999998 0.9801341933333335 3.1366527999999985 1.0146119116666676 113.85808333333323 0.9548171483333326 60.46591349999998
296 9.850000000000069 0.9983989616666668 48.66598133333333 0.9764781900000008 3.166765500000001 1.0143793966666652 114.98420666666661 0.960191394999999 60.998875333333366
297 9.883329999999955 0.9988340000000006 49.22417899999999 0.9763566350000003 3.1970787833333354 1.0148348433333332 116.11845666666673 0.9652158450000009 61.538256333333386
298 9.916669999999911 0.9995530816666672 49.78655283333335 0.9769677183333328 3.227615633333333 1.0153070316666677 117.26088500000023 0.9698764399999995 62.08390866666669
299 9.949999999999893 1.0000462149999993 50.35299316666671 0.9715452399999996 3.2581878166666653 1.0148066816666677 118.41048500000002 0.9740593333333329 62.63560166666667
300 9.983330000000022 1.000603891666666 50.92355283333337 0.9730762616666667 3.289013583333335 1.0151165183333328 119.56811000000009 0.9772509433333325 63.19281783333336
