5200000 0.11947458339977902 
5250000 0.11907827731919017 
5300000 0.11919339454053826 
5350000 0.11916620770871512 
5400000 0.11935055814834691 
5450000 0.11911642234611713 
5500000 0.11911722957290946 
5550000 0.11891825852287534 
5600000 0.11883334743921921 
5650000 0.11925930798717434 
5700000 0.1189291895567224 
5750000 0.11929139723885888 
5800000 0.11909933546354175 
5850000 0.11927024882282132 
5900000 0.11940064047713955 
5950000 0.11901308477566114 
6000000 0.11911272846979962 
6050000 0.11926945168729003 
6100000 0.11901646056470784 
6150000 0.11923645101014235 
6200000 0.11914982474880088 
6250000 0.11890561119724086 
6300000 0.11901524535778986 
6350000 0.11885502677991171 
6400000 0.11895598138235854 
6450000 0.11903837370684607 
6500000 0.11939944637133618 
6550000 0.11898171116997168 
6600000 0.11927960967373974 
6650000 0.11918210619226277 
6700000 0.11900449961130741 
6750000 0.11903372580932908 
6800000 0.11928913155650475 
6850000 0.11927240143412299 
6900000 0.11930014800255816 
6950000 0.1194342819508549 
7000000 0.11936459779887576 
7050000 0.11930141477243253 
7100000 0.11920938022466132 
7150000 0.11924463585453209 
7200000 0.11898525933499016 
7250000 0.11910419370045841 
7300000 0.11928095592016986 
7350000 0.119101818603662 
7400000 0.1192177793309014 
7450000 0.11909124091120409 
7500000 0.11909271920938179 
7550000 0.11886380522040155 
7600000 0.1190343102365435 
7650000 0.11922516989385379 
7700000 0.11953799141395006 
7750000 0.11917276268397277 
7800000 0.11930037153069452 
7850000 0.11916598600360113 
7900000 0.11898823120780286 
7950000 0.11930936367438175 
8000000 0.11937846775087003 
8050000 0.11934785809941838 
8100000 0.11931957917719777 
8150000 0.11905472830220133 
