0 0.14377862646576017 
2320 0.14377862646576017 
50000 0.14377862646576017 
100000 0.14377862646576017 
150000 0.14377862646576017 
200000 0.14377862646576017 
250000 0.14377862646576017 
300000 0.14377862646576017 
350000 0.14377862646576017 
400000 0.14377862646576017 
450000 0.14377862646576017 
500000 0.14377862646576017 
550000 0.14377862646576017 
600000 0.14377862646576017 
650000 0.14377862646576017 
700000 0.14377862646576017 
750000 0.14377862646576017 
800000 0.14377862646576017 
850000 0.14377862646576017 
900000 0.14377862646576017 
950000 0.14377862646576017 
1000000 0.14377862646576017 
1050000 0.14377862646576017 
1100000 0.14377862646576017 
1150000 0.14377862646576017 
1200000 0.11937170041278429 
1250000 0.11886236249109737 
1300000 0.11890309256794464 
1350000 0.11870820694388039 
1400000 0.11932013848013452 
1450000 0.11892668226401662 
1500000 0.11898935510366108 
1550000 0.11887258943636012 
1600000 0.11884195822890539 
1650000 0.118849722784086 
1700000 0.11871381944880076 
1750000 0.11881044621418028 
1800000 0.11895736892195188 
1850000 0.11884687380623057 
1900000 0.11915544590961198 
1950000 0.11904124967565413 
2000000 0.11907267447857066 
2050000 0.1191539278235678 
2100000 0.11889616889139343 
2150000 0.11906866390977117 
2200000 0.11907053932926603 
2250000 0.11923591135261288 
2300000 0.11883250272110456 
2350000 0.11927878073941119 
2400000 0.11898096381845856 
2450000 0.11896552076148098 
2500000 0.11918035808986173 
2550000 0.11880966443982814 
2600000 0.11898154674701945 
2650000 0.11891132147449139 
2700000 0.11903784551162425 
2750000 0.1190693666887281 
2800000 0.11914837392241391 
2850000 0.11914603739314443 
2900000 0.11910357667671492 
2950000 0.11918774503490293 
3000000 0.11885109231278533 
3050000 0.11900191422913275 
3100000 0.11899400929173008 
3150000 0.11901199175804489 
3200000 0.11922443997346585 
3250000 0.11891273208110986 
3300000 0.11893643486465208 
3350000 0.11932963402736134 
3400000 0.11919763426824144 
3450000 0.11898449883437871 
3500000 0.11927013910152176 
3550000 0.11900796718101814 
3600000 0.11914945976326845 
3650000 0.11877673466567325 
3700000 0.11883499253501456 
3750000 0.11919406277879784 
3800000 0.11877507209269968 
3850000 0.1189764403656283 
3900000 0.11911872228112191 
3950000 0.11919479197689449 
4000000 0.11904742952136584 
4050000 0.11898823210084947 
4100000 0.11882624581690951 
4150000 0.11934482849443209 
4200000 0.11878969832145503 
4250000 0.1192477274815397 
4300000 0.11901941093586425 
4350000 0.11890696825452159 
4400000 0.11892373279437671 
4450000 0.11884613039490244 
4500000 0.1193272635937075 
4550000 0.11917779127399519 
4600000 0.11876345686045722 
4650000 0.11913915706849405 
4700000 0.11908423825479153 
4750000 0.11897034455335384 
4800000 0.11883631279332782 
4850000 0.11919223388776533 
4900000 0.11906527221887798 
4950000 0.11920008978710145 
5000000 0.11942427644571937 
5050000 0.11930163727544985 
5100000 0.11905105204956373 
5150000 0.11892085143308602 
