1 0.01666670000000003 0.0 0.0 0.0 0.0 0.0 0.0 0.0 0.0
2 0.05000000000000049 0.0 0.0 0.0 0.0 0.0 0.0 0.0 0.0
3 0.08333329999999965 0.0 0.0 0.0 0.0 0.0 0.0 0.0 0.0
4 0.11666700000000027 0.0 0.0 0.0 0.0 0.0 0.0 0.0 0.0
5 0.1500000000000009 0.0 0.0 0.0 0.0 0.0 0.0 0.0 0.0
6 0.18333300000000133 0.0 0.0 0.0 0.0 0.0 0.0 0.0 0.0
7 0.21666700000000086 0.0 0.0 0.0 0.0 0.0 0.0 0.0 0.0
8 0.25 0.0 0.0 0.0 0.0 0.0 0.0 0.0 0.0
9 0.2833329999999991 0.0 0.0 0.0 0.0 0.0 0.0 0.0 0.0
10 0.3166669999999973 0.0 0.0 0.0 0.0 0.0 0.0 0.0 0.0
11 0.34999999999999637 0.0 0.0 0.0 0.0 0.0 0.0 0.0 0.0
12 0.38333299999999526 0.0 0.0 0.0 0.0 0.0 0.0 0.0 0.0
13 0.4166669999999956 0.0 0.0 0.0 0.0 0.0 0.0 0.0 0.0
14 0.44999999999999496 0.0 0.0 0.0 0.0 0.0 0.0 0.0 0.0
15 0.48333299999999707 0.0 0.0 0.0 0.0 0.0 0.0 0.0 0.0
16 0.5166670000000018 0.0 0.0 0.0 0.0 0.0 0.0 0.0 0.0
17 0.5500000000000062 0.0 0.0 0.0 0.0 0.0 0.0 0.0 0.0
18 0.5833329999999984 0.0 0.0 0.0 0.0 0.0 0.0 0.0 0.0
19 0.6166670000000055 0.0 0.0 0.0 0.0 0.0 0.0 0.0 0.0
20 0.6499999999999948 0.0 0.0 0.0 0.0 0.0 0.0 0.0 0.0
21 0.6833330000000036 0.0 0.0 0.0 0.0 0.0 0.0 0.0 0.0
22 0.7166669999999895 0.0 0.0 0.0 0.0 0.0 0.0 0.0 0.0
23 0.75 0.0 0.0 0.0 0.0 0.0 0.0 0.0 0.0
24 0.7833330000000119 0.0 0.0 0.0 0.0 0.0 0.0 0.0 0.0
25 0.8166669999999961 0.0 0.0 0.0 0.0 0.0 0.0 0.0 0.0
26 0.8500000000000093 0.0 0.0 0.0 0.0 0.0 0.0 0.0 0.0
27 0.8833329999999943 0.0 0.0 0.0 0.0 0.0 0.0 0.0 0.0
28 0.9166670000000037 0.0 0.0 0.0 0.0 0.0 0.0 0.0 0.0
29 0.9499999999999975 0.0 0.0 0.0 0.0 0.0 0.0 0.0 0.0
30 0.9833330000000067 0.0 0.0 0.0 0.0 0.0 0.0 0.0 0.0
31 1.0166699999999878 0.0 0.0 0.0 0.0 0.0 0.0 0.0 0.0
32 1.0499999999999978 0.0 0.0 0.0 0.0 0.0 0.0 0.0 0.0
33 1.083330000000004 0.0 0.0 0.0 0.0 0.0 0.0 0.0 0.0
34 1.1166699999999994 0.0 0.0 0.0 0.0 0.0 0.0 0.0 0.0
35 1.1499999999999873 0.0 0.0 0.0 0.0 0.0 0.0 0.0 0.0
36 1.1833299999999938 0.0 0.0 0.0 0.0 0.0 0.0 0.0 0.0
37 1.2166700000000124 0.0 0.0 0.0 0.0 0.0 0.0 0.0 0.0
38 1.25 0.0 0.0 0.0 0.0 0.0 0.0 0.0 0.0
39 1.283329999999987 0.0 0.0 0.0 0.0 0.0 0.0 0.0 0.0
40 1.31667000000001 0.0 0.0 0.0 0.0 0.0 0.0 0.0 0.0
41 1.3500000000000143 0.0 0.0 0.0 0.0 0.0 0.0 0.0 0.0
42 1.3833300000000006 0.0 0.0 0.0 0.0 0.0 0.0 0.0 0.0
43 1.416669999999986 0.0 0.0 0.0 0.0 0.0 0.0 0.0 0.0
44 1.450000000000014 0.0 0.0 0.0 0.0 0.0 0.0 0.0 0.0
45 1.4833300000000158 0.0 0.0 0.0 0.0 0.0 0.0 0.0 0.0
46 1.516669999999984 0.0 0.0 0.0 0.0 0.0 0.0 0.0 0.0
47 1.5499999999999838 0.0 0.0 0.0 0.0 0.0 0.0 0.0 0.0
48 1.5833300000000172 0.0 0.0 0.0 0.0 0.0 0.0 0.0 0.0
49 1.6166699999999994 0.0 0.0 0.0 0.0 0.0 0.0 0.0 0.0
50 1.6499999999999844 0.0 0.0 0.0 0.0 0.0 0.0 0.0 0.0
51 1.6833299999999825 0.0 0.0 0.0 0.0 0.0 0.0 0.0 0.0
52 1.716670000000015 0.0 0.0 0.0 0.0 0.0 0.0 0.0 0.0
53 1.75 0.0 0.0 0.0 0.0 0.0 0.0 0.0 0.0
54 1.7833299999999845 0.0 0.0 0.0 0.0 0.0 0.0 0.0 0.0
55 1.8166700000000129 0.0 0.0 0.0 0.0 2.1864333333333333e-06 8.2672e-08 0.0 0.0
56 1.8500000000000076 0.0 0.0 0.0 0.0 1.8993216666666663e-05 8.267200000000002e-07 0.0 0.0
57 1.88332999999999 0.0 0.0 0.0 0.0 8.757300000000005e-05 4.381616e-06 0.0 0.0
58 1.91666999999999 0.0 0.0 0.0 0.0 0.0003912944333333333 2.0833343499999934e-05 0.0 0.0
59 1.950000000000022 0.0 0.0 0.0 0.0 0.00118720455 7.250337816666678e-05 0.0 0.0
60 1.9833300000000176 0.0 0.0 0.0 0.0 0.003243065966666668 0.00021850211049999934 2.937753333333333e-05 6.613753333333333e-07
61 2.016669999999982 0.0 0.0 0.0 0.0 0.007713506833333324 0.0005775462988333329 0.015857582616666664 0.0003697089594999993
62 2.0499999999999767 0.0 0.0 0.0 0.0 0.015832306650000006 0.001339038218333324 0.03745106516666666 0.0012703380566666568
63 2.0833300000000037 0.0 0.0 0.0 0.0 0.028781522666666663 0.002768766466666667 0.012629226850000003 0.0015839933333333194
64 2.1166700000000214 0.0 0.0 0.0 0.0 0.04897798833333333 0.005280175516666671 0.00033540653333333334 0.0015925911833333183
65 2.150000000000006 0.0 0.0 0.0 0.0 0.0760064041666667 0.009301258933333318 0.020396469266666693 0.002132109900000004
66 2.1833300000000007 0.0 0.0 0.0 0.0 0.1123561518333333 0.015431217166666669 0.060335775333333334 0.0037779426166666577
67 2.2166700000000166 1.4693833333333334e-06 4.1336e-08 0.0 0.0 0.15864715500000015 0.024352927666666663 0.05262533816666668 0.005257605833333339
68 2.25 2.567256166666667e-05 7.853840000000002e-07 0.0 0.0 0.2128925766666667 0.036687996833333375 0.07665168050000008 0.007478174949999985
69 2.2833299999999834 0.00010255896833333331 3.844247999999998e-06 0.0 0.0 0.2769027766666666 0.05321064950000006 0.11435761716666662 0.010889883583333367
70 2.316669999999995 0.00040507536166666663 1.6286384000000007e-05 0.0 0.0 0.34639610166666646 0.07448768100000004 0.11722161650000018 0.014489902333333334
71 2.3499999999999868 0.001271354678333333 5.646496516666674e-05 0.0 0.0 0.42199470666666666 0.10115988133333334 0.10880388349999992 0.01792823383333329
72 2.3833299999999684 0.0031689703516666664 0.00015947427316666602 2.2917666666666666e-05 4.1336e-08 0.5029837750000002 0.13385886000000008 0.09105471099999993 0.02088788699999998
73 2.416670000000006 0.006764975911666672 0.0003855820033333325 0.00031160266666666666 6.200400000000001e-07 0.5875551099999994 0.17313193833333332 0.058643030000000054 0.02284772900000003
74 2.450000000000027 0.013114456216666664 0.0008360615950000024 0.0039634175 8.184527999999977e-06 0.672262211666666 0.21931496333333328 0.05541117233333337 0.02475100216666666
75 2.4833300000000187 0.023146037500000015 0.0016529016833333366 0.015643679833333337 3.885583666666679e-05 0.7580425316666672 0.27281762666666715 0.042895734666666664 0.02626473366666661
76 2.516669999999981 0.03702511866666668 0.002994874549999994 0.05684519683333342 0.00015331522649999953 0.8464415133333328 0.33417412166666655 0.01603089436666667 0.026845716000000016
77 2.5499999999999723 0.05567142933333333 0.005066468116666666 0.1538622908333331 0.0004713955199999989 0.9290728633333324 0.4033160549999998 0.004536866816666667 0.027014521333333246
78 2.5833299999999904 0.07827954583333337 0.00805596915 0.3480354433333333 0.0012098214383333328 1.0099127616666679 0.4804518999999996 0.003303425733333336 0.02714067683333323
79 2.616670000000039 0.10458934833333335 0.012154019000000005 0.6514325966666671 0.0026278523166666664 1.086347999999999 0.5655806233333335 0.007528676166666659 0.02743569299999995
80 2.650000000000022 0.13373154366666684 0.01752827316666666 1.067757678333335 0.005011739299999999 1.15797685 0.6586488766666666 0.03016908645000003 0.028647972333333296
81 2.6833300000000135 0.16491039666666663 0.024323287166666662 1.5512375333333333 0.008562706850000008 1.2276317833333341 0.7598131416666667 0.19430915000000007 0.03665393249999999
82 2.716670000000018 0.19783416333333353 0.032678653333333314 2.0573407999999995 0.013389922166666676 1.2900659333333329 0.8687801733333329 0.9319816500000002 0.07601339200000005
83 2.75 0.23012057333333322 0.04263756500000003 2.531025233333333 0.019475240000000008 1.3473426666666666 0.9853947366666665 2.7105761333333325 0.19331266500000013
84 2.783329999999982 0.26306285833333315 0.05429980966666671 2.913693899999997 0.026651374000000002 1.3980432666666684 1.1093491333333332 4.773202433333327 0.40490920833333366
85 2.816669999999984 0.29271400166666706 0.06758920449999996 3.2055806999999987 0.03473660850000005 1.4442453000000004 1.2404849999999998 5.528559833333334 0.6558953316666664
86 2.849999999999973 0.322585985 0.08258353983333337 3.366565683333336 0.043430100500000006 1.4884531666666663 1.3788530166666682 4.784360350000001 0.8782678683333333
87 2.883329999999954 0.35132804333333323 0.09929798483333327 3.4226974 0.052476561666666664 1.524169783333333 1.523873983333333 3.561157983333337 1.0476810833333339
88 2.9166700000000167 0.377970968333333 0.1176982183333332 3.3817836000000017 0.06162268450000002 1.5556264666666662 1.6753305499999989 2.6084362166666675 1.1746572000000006
89 2.95000000000003 0.4015023583333334 0.13769324166666658 3.290139916666664 0.07072552750000005 1.582846733333334 1.8329799166666658 2.1560501499999996 1.2820244499999998
90 2.9833300000000196 0.42378943666666685 0.1592778133333332 3.1573701499999993 0.07965951449999994 1.6050620666666682 1.9964748833333321 1.9142261166666674 1.3795154166666674
91 3.0166699999999804 0.4457717333333335 0.18249226000000013 2.974568166666664 0.08826537633333324 1.628169483333332 2.1660501000000014 1.6217072666666674 1.4639643166666663
92 3.0499999999999696 0.46464999000000035 0.20722746166666653 2.802613183333331 0.0965539039999999 1.642294533333332 2.340898016666665 1.2638877166666673 1.5312422333333353
93 3.0833299999999806 0.4823086183333338 0.23346708166666663 2.601983116666668 0.10441826833333337 1.6573320666666678 2.5212241166666636 0.9362862349999994 1.582176900000001
94 3.1166700000000507 0.4989938666666664 0.26120456333333325 2.4280277 0.11191637833333343 1.6660195833333336 2.7064362666666675 0.6804835800000004 1.6200007666666676
95 3.1500000000000328 0.5126856366666664 0.2903159199999997 2.2583746666666635 0.11904050500000006 1.6715138833333336 2.896254966666667 0.5007582966666667 1.6484332166666666
96 3.1833300000000224 0.5260312966666666 0.3208206383333331 2.0979032499999994 0.12579922333333327 1.6785911333333354 3.0909334833333335 0.3810744516666664 1.6705305666666657
97 3.216670000000018 0.5394046149999995 0.35275936333333346 1.9523376833333344 0.13222142666666678 1.6805652666666662 3.2899432666666684 0.3033823166666672 1.6884930666666662
98 3.25 0.5501650566666668 0.38601372 1.8195968000000013 0.13833166833333344 1.681345766666667 3.4931938499999995 0.2542827733333334 1.7038624500000006
99 3.2833299999999817 0.5610681766666658 0.420626526666667 1.6921452499999998 0.1441311383333334 1.6730975666666688 3.6996169999999977 0.2313132899999999 1.7181313999999994
100 3.316669999999976 0.5701528266666664 0.45651744833333346 1.5964742999999995 0.1497143400000001 1.6651434166666663 3.9092519666666696 0.22575331333333357 1.7323418166666673
101 3.3499999999999637 0.579309593333333 0.4937214766666664 1.5036929500000018 0.15507930000000003 1.6565500833333322 4.122017550000002 0.22761555833333347 1.746958466666665
102 3.3833299999999444 0.5867420166666656 0.5321564216666665 1.4261000000000008 0.1602691649999999 1.6405479500000004 4.336942033333326 0.25087119499999994 1.7633910166666658
103 3.4166700000000234 0.593769978333334 0.5718219166666668 1.3561726999999981 0.16530230166666676 1.6259179166666642 4.554167566666664 0.2909564866666665 1.782826766666667
104 3.4500000000000295 0.6006870200000006 0.6127362099999999 1.2952798499999993 0.1702036566666668 1.599245650000001 4.772019566666668 0.3404602749999999 1.8060152000000036
105 3.4833300000000196 0.6067533316666663 0.6548661549999995 1.2404404766666666 0.17498869499999997 1.5740295166666671 4.9905994 0.41311450499999985 1.8346983166666677
106 3.5166699999999804 0.6130913666666674 0.6982548483333331 1.2011031433333321 0.17971102666666652 1.5473862333333328 5.209611866666664 0.5164505016666671 1.8712451833333341
107 3.5499999999999763 0.6181111266666666 0.7428319683333334 1.1737357383333327 0.18441369833333346 1.5229544500000007 5.429271800000003 0.6693304266666665 1.919513899999999
108 3.5833299999999744 0.6229606633333337 0.788606475 1.1401185316666664 0.189067845 1.4957235333333332 5.649074283333335 0.8970954233333327 1.985427866666666
109 3.616670000000047 0.6261398999999999 0.8354746416666669 1.1132018949999998 0.1936970366666668 1.4694410666666657 5.869050916666673 1.2605198499999994 2.079775650000002
110 3.6500000000000408 0.6304141649999996 0.8835364616666662 1.101634713333335 0.19836298500000002 1.4440688166666662 6.089232333333334 1.9149652499999987 2.2257616166666683
111 3.683330000000012 0.6356497483333334 0.9328864866666665 1.0772030500000007 0.20300919166666687 1.4213454333333337 6.309925566666666 2.954042233333335 2.4550938666666653
112 3.7166700000000006 0.6388111783333331 0.9833837483333334 1.076958841666667 0.2077387250000001 1.398476533333333 6.531015733333339 3.947850966666668 2.7671507333333327
113 3.75 0.6436292366666664 1.0351785333333334 1.0776412633333337 0.2125565500000004 1.3792122833333327 6.752988166666659 4.019225316666668 3.090573066666664
114 3.783330000000003 0.6468525016666673 1.0881624999999993 1.075537323333334 0.21745087666666676 1.3585778833333322 6.9755451 2.985053666666668 3.3350663833333325
115 3.816669999999994 0.6498061783333327 1.142330166666666 1.0777986649999995 0.22244223166666657 1.3420758833333328 7.199289533333334 1.774981383333332 3.483020683333334
116 3.849999999999957 0.6542604599999994 1.1978261499999998 1.0878434016666667 0.2275685366666667 1.3261021666666664 7.424249133333336 1.0859211816666667 3.575126483333335
117 3.8833299999999644 0.6601685099999993 1.254796866666666 1.1000306099999988 0.2328423883333333 1.3121039166666684 7.650705450000005 0.8564282866666671 3.649029833333334
118 3.9166700000000296 0.6646714283333336 1.3131452833333332 1.1157564949999994 0.23828383166666658 1.2986978 7.878712466666666 0.7829123966666676 3.7177544499999997
119 3.950000000000003 0.6691745866666667 1.3728931333333332 1.1384645633333352 0.2439309533333336 1.2883090333333336 8.108761633333332 0.7330853383333324 3.7832051166666725
120 3.9833300000000205 0.6758059133333325 1.434255666666667 1.1607416833333337 0.2497861583333333 1.2737920833333334 8.340073416666666 0.6868013950000004 3.8455630666666676
121 4.016669999999979 0.6821070866666665 1.4972311833333338 1.187058863333333 0.255874815 1.2661488666666671 8.573861366666666 0.6690336633333345 3.9073284000000013
122 4.050000000000002 0.689157081666667 1.5619179000000007 1.2101847500000007 0.26218550000000035 1.2563340666666662 8.809703550000009 0.6774136450000003 3.9709097166666654
123 4.083329999999969 0.6954989783333341 1.6282788333333333 1.2360903999999995 0.26873777000000004 1.246198683333331 9.047509966666677 0.7127768266666663 4.038915383333333
124 4.116670000000028 0.7017870750000001 1.6963377499999999 1.2687832166666664 0.27557367833333296 1.238141900000001 9.28765174999999 0.7956806149999999 4.116075849999998
125 4.150000000000047 0.710267808333333 1.7663392999999996 1.3039359333333345 0.2827131766666665 1.2285468999999998 9.529806916666663 0.9843029249999998 4.213080183333334
126 4.183329999999992 0.7169005700000006 1.8381337166666663 1.3392024666666646 0.29016403499999976 1.2195807000000003 9.774072016666658 1.3783675999999985 4.351110949999996
127 4.216669999999976 0.7243209400000006 1.9118319833333335 1.3664549166666669 0.2978881399999999 1.2114056333333334 10.02058058333333 2.0077389333333344 4.5553838
128 4.25 0.7298344950000003 1.987270133333331 1.3937357833333337 0.3058914983333333 1.2028346000000008 10.269232833333334 2.6478269666666647 4.829056999999998
129 4.283330000000027 0.7369457150000002 2.064642433333331 1.4062910499999988 0.31409413833333344 1.1942000166666664 10.519983666666668 2.9488064499999984 5.1386383833333324
130 4.316670000000013 0.7417151466666663 2.143732533333334 1.4222906333333334 0.3225196883333331 1.1865938500000002 10.773033833333331 2.8217084833333343 5.439504649999996
131 4.349999999999952 0.747331385 2.2246568000000004 1.4077102333333322 0.3309881816666664 1.1766022000000005 11.027841999999993 2.465829249999998 5.706501950000004
132 4.383329999999981 0.7516918383333326 2.307305483333332 1.3993386833333339 0.3395358333333333 1.168579316666667 11.284806666666675 2.077111783333335 5.934869166666666
133 4.416670000000034 0.7541476116666662 2.3914904833333326 1.3623667000000006 0.3479847183333336 1.1608715000000003 11.543973500000007 1.7059936666666666 6.125296383333335
134 4.449999999999982 0.756179821666666 2.4771810166666666 1.3311987166666666 0.35636538333333323 1.1545255166666657 11.805629666666654 1.3853576333333337 6.282276583333336
135 4.483330000000021 0.757146111666667 2.564271083333333 1.2824819499999982 0.3645607200000001 1.1433462166666664 12.068647999999996 1.1378948666666668 6.41315505
136 4.516669999999979 0.7607815583333337 2.653085483333336 1.2365361166666677 0.3725803833333335 1.137510299999999 12.334228499999996 0.9764000016666667 6.527134583333332
137 4.550000000000021 0.7613615500000005 2.7432845833333332 1.1889428666666668 0.3804056800000004 1.131464416666666 12.60231066666666 0.8870239833333341 6.632215016666666
138 4.5833299999999655 0.7620843100000004 2.8348963000000014 1.1425935966666678 0.3880364499999998 1.122715133333334 12.87223316666668 0.8580189333333338 6.735354483333335
139 4.6166700000000125 0.7617345066666679 2.9278033666666654 1.0992343716666675 0.39548482666666657 1.1151713166666681 13.1442535 0.8755156150000001 6.842133300000003
140 4.650000000000052 0.7625035950000009 3.0221517499999995 1.0626560466666677 0.4027897316666667 1.1089297833333338 13.418672999999997 0.9349574450000008 6.957814033333331
141 4.683329999999976 0.7621699549999997 3.117815833333334 1.027571183333334 0.4099550633333333 1.1020259500000014 13.695309166666663 1.030664023333333 7.087171283333339
142 4.716669999999957 0.7616471683333328 3.214780083333331 0.9966161200000003 0.4170038450000004 1.0962749166666668 13.974430666666654 1.1781736000000007 7.2371555
143 4.75 0.7619087283333331 3.3131532833333335 0.9671286766666678 0.4239410766666666 1.0908678833333338 14.256118999999998 1.3577982166666678 7.412456583333334
144 4.783330000000046 0.762511578333333 3.412991200000003 0.9512371900000002 0.43086036666666633 1.0849713166666666 14.540229333333324 1.5798163333333328 7.619295216666666
145 4.816670000000028 0.7631384233333337 3.514308166666668 0.9306829800000003 0.43772486166666674 1.0784821833333322 14.826587000000014 1.7785310833333323 7.855407750000008
146 4.849999999999947 0.7610504983333328 3.6167517999999963 0.9190370199999999 0.44459759833333323 1.0738851833333327 15.115688500000012 1.9097943333333345 8.11246771666666
147 4.883329999999995 0.7610310416666668 3.7206053166666675 0.9070010300000003 0.45147387666666616 1.0679621333333338 15.407155833333348 1.9220081666666682 8.374740383333334
148 4.916670000000037 0.7627616800000001 3.8261209333333364 0.901242318333333 0.45840007499999974 1.064047716666667 15.701534000000013 1.8071391833333337 8.62471548333333
149 4.9499999999999655 0.7626392649999997 3.9330551166666625 0.8954048999999996 0.46537510166666635 1.0597714999999999 15.998721999999995 1.6538338499999987 8.85659693333333
150 4.983330000000021 0.7625286133333339 4.041418766666664 0.8941298699999999 0.47243431000000025 1.0551209 16.298602166666683 1.5534482499999993 9.077347149999996
151 5.016669999999979 0.7636642583333338 4.151400133333336 0.8952959416666664 0.47959753000000016 1.051243666666666 16.60138916666665 1.5753019999999993 9.304207199999992
152 5.050000000000037 0.76453381 4.262975150000004 0.891941138333334 0.48682916833333373 1.048608899999999 16.907448166666665 1.6967495499999978 9.551815216666675
153 5.083329999999962 0.7652385799999997 4.376132299999997 0.9000170049999997 0.4942228316666665 1.0454153000000008 17.216611833333314 1.860583483333334 9.8269279
154 5.116669999999999 0.7664978716666667 4.4909664666666655 0.9002880099999997 0.5017160550000002 1.0426475 17.52901683333332 1.9973197000000005 10.126146099999996
155 5.150000000000055 0.7680058983333333 4.607530849999996 0.9037810333333334 0.5093366766666664 1.0409117583333336 17.844975833333343 2.0321386833333333 10.434557666666672
156 5.183329999999963 0.7697578700000003 4.725878266666667 0.9127230983333341 0.5171326916666662 1.0405289833333307 18.164924666666668 1.9239487500000014 10.730341666666662
157 5.216669999999941 0.7707379300000002 4.845905449999994 0.9185360916666665 0.5250795333333331 1.039696325 18.488738166666668 1.6991395833333336 10.994933999999997
158 5.25 0.7725114283333329 4.967751233333336 0.9255323933333324 0.5331896066666671 1.0395265666666664 18.816654999999997 1.4371484166666668 11.221600333333344
159 5.283330000000061 0.7752691749999999 5.091589616666668 0.9381516550000009 0.5415150200000002 1.04106585 19.149236500000008 1.2186163833333334 11.41624633333333
160 5.31667000000004 0.778219055 5.217472700000002 0.9416674549999999 0.5499773516666671 1.041338033333333 19.486115833333333 1.0738396283333331 11.589936666666647
161 5.349999999999943 0.7805225049999992 5.345316433333339 0.952799911666667 0.5586474233333334 1.0430826666666673 19.82780483333333 0.9896661850000008 11.752030166666652
162 5.383330000000006 0.7834258016666665 5.475239699999998 0.962337684999998 0.5675137633333337 1.0448995050000003 20.17436949999999 0.9445498850000005 11.908664999999992
163 5.416670000000039 0.7869546800000007 5.6073693 0.9756313250000003 0.5766142016666671 1.0476982166666668 20.526177500000003 0.9201159416666678 12.06314466666667
164 5.449999999999952 0.7909249716666673 5.74180483333333 0.9845504933333338 0.5859112466666666 1.0498660166666665 20.88306616666665 0.9101065699999994 12.217832666666672
165 5.483330000000021 0.794971926666667 5.878586333333336 0.9965078849999988 0.5954366683333334 1.0529687999999995 21.24539949999998 0.9115956683333326 12.374670333333325
166 5.516669999999979 0.7981471483333329 6.01758906666667 1.0042192650000004 0.605152813333333 1.0568395166666678 21.61350116666667 0.93283007 12.537120666666668
167 5.5500000000000504 0.8016720200000002 6.158897866666667 1.0092550716666662 0.6150360799999995 1.0604036833333332 21.987322500000005 0.9769866450000002 12.709322666666665
168 5.583329999999959 0.8050290183333336 6.30250788333333 1.0229273733333335 0.6251739066666666 1.064269466666666 22.367023833333345 1.0566794883333344 12.897816666666664
169 5.616669999999989 0.8097048633333331 6.448682083333332 1.0322733250000014 0.6355269150000008 1.0667970166666665 22.7521885 1.1606750666666652 13.107341166666664
170 5.650000000000058 0.8125840066666663 6.597122550000004 1.0415526716666668 0.6460973533333341 1.0706232666666675 23.14333516666667 1.2572691500000017 13.337000666666663
171 5.683329999999953 0.8167336933333322 6.748086383333333 1.0504328516666672 0.6568840016666674 1.0729296833333324 23.539961500000047 1.3103210166666663 13.57918583333332
172 5.716669999999928 0.8207550149999998 6.901578316666669 1.064004810000001 0.667938568333333 1.0767913333333343 23.942699000000008 1.293248083333333 13.821026666666675
173 5.75 0.823985076666667 7.057476550000003 1.0705388900000001 0.6791911783333331 1.0797000499999985 24.35124783333332 1.2255613166666672 14.052889833333332
174 5.783330000000074 0.8278254466666666 7.215922949999998 1.0849433400000008 0.6907277700000007 1.0832436000000003 24.765902333333358 1.1434019833333342 14.271728666666668
175 5.816670000000051 0.8317382350000005 7.3769580166666655 1.0867495183333333 0.7024171183333336 1.0862585833333334 25.186518166666662 1.0667945483333325 14.478262166666667
176 5.849999999999941 0.8352871716666672 7.540539299999999 1.0962057033333334 0.7143437399999999 1.0880138833333328 25.61265983333334 1.0145031999999996 14.676931500000016
177 5.883330000000015 0.8400210516666673 7.706928066666669 1.1037968899999993 0.7264901933333331 1.0902383333333352 26.04454983333336 0.9919335033333332 14.873400333333347
178 5.9166700000000425 0.8429398366666672 7.875792083333333 1.111608261666667 0.7388615950000001 1.0926693833333323 26.48232266666666 0.9969714116666669 15.07310683333335
179 5.949999999999941 0.8466553300000002 8.047316683333326 1.1156043049999982 0.7514177666666669 1.0949607499999992 26.92596683333333 1.0264693900000006 15.281053166666664
180 5.983330000000021 0.8499649266666668 8.221446650000006 1.12808585 0.7642571550000009 1.0981104499999996 27.375891166666666 1.0769190333333327 15.501666166666666
181 6.016669999999979 0.8528962399999999 8.398129216666673 1.1302092666666672 0.7772643666666672 1.0981031666666676 27.83083600000002 1.1445597833333325 15.738757333333327
182 6.050000000000061 0.8561999550000001 8.57746676666667 1.132465479999998 0.7904423866666673 1.0996016333333334 28.291467333333355 1.2257365166666672 15.995485333333345
183 6.083329999999957 0.8591580849999999 8.759412983333332 1.13238173 0.8037649616666671 1.1009601666666669 28.757759666666672 1.3033891666666682 16.27149316666666
184 6.116669999999981 0.8617359116666665 8.94391033333333 1.1364678499999987 0.8172826400000006 1.1026347500000002 29.22989483333333 1.3531678666666669 16.561190333333343
185 6.150000000000062 0.8646798300000003 9.131061283333331 1.1406781766666663 0.8309986283333333 1.1023083666666678 29.707048500000013 1.3605152833333325 16.855640500000007
186 6.183329999999943 0.8675818433333337 9.320881116666664 1.1376389383333334 0.8448267549999998 1.1038581166666677 30.1900685 1.3275602166666653 17.146085000000003
187 6.216669999999917 0.8702404200000002 9.513341166666667 1.1411412116666657 0.8588474400000001 1.1035324166666667 30.67816199999996 1.2802310833333324 17.429205
188 6.25 0.873100591666666 9.708509933333335 1.1401480183333341 0.8730065383333325 1.1046585333333325 31.172010500000013 1.2501178999999998 17.70863699999999
189 6.283330000000084 0.8736501700000006 9.905890516666675 1.1367570516666665 0.8872744633333328 1.1046262499999997 31.671126833333336 1.2524841833333349 17.991590166666654
190 6.316670000000059 0.8760776966666675 10.105923133333334 1.137185095000001 0.9016996149999996 1.1041852833333332 32.175350000000016 1.2896008166666666 18.286031833333347
191 6.3499999999999375 0.8781424650000006 10.308553333333338 1.135855168333334 0.9162603850000001 1.1038204999999988 32.68474200000002 1.357350866666666 18.599216999999996
192 6.383330000000024 0.8799257216666666 10.513731166666659 1.132371239999999 0.9309293349999996 1.1039821000000005 33.19956666666668 1.4655182166666647 18.940919000000005
193 6.416670000000044 0.8825300383333337 10.721666666666668 1.1326138549999991 0.9457550633333327 1.1022021833333346 33.71894516666667 1.6058933999999987 19.319275833333354
194 6.449999999999931 0.8836988966666665 10.932048000000007 1.1262961516666683 0.9606515966666666 1.1026488499999991 34.243948499999945 1.7603569333333333 19.73834183333332
195 6.483330000000021 0.8859508583333339 11.145152999999999 1.1251295716666667 0.9756868983333332 1.1015811 34.773878666666704 1.880615250000001 20.190674000000005
196 6.516669999999979 0.8873340983333331 11.360792000000005 1.1248040616666652 0.9908729083333323 1.0997502333333329 35.30838183333335 1.9038053333333336 20.653309499999995
197 6.550000000000071 0.8892948683333333 11.579122 1.120495733333334 1.0061558483333337 1.0985236666666656 35.847764333333316 1.8017727666666672 21.095640999999997
198 6.583329999999956 0.8918777049999989 11.800322166666664 1.122100036666667 1.0216165833333324 1.0971238499999993 36.39195850000003 1.6128050999999999 21.495617666666654
199 6.616669999999973 0.8922339100000005 12.023856166666677 1.1155222033333345 1.0371431000000002 1.094793033333332 36.940506333333374 1.4001716166666651 21.84639083333336
200 6.650000000000063 0.8944310650000001 12.250203999999997 1.1160624516666664 1.0528337833333343 1.0941141000000008 37.49425183333332 1.2246626999999999 22.156290166666643
201 6.683329999999936 0.8954758166666661 12.479092500000005 1.1153183666666675 1.0686718166666658 1.0930898499999997 38.053040666666696 1.1073442000000007 22.439319500000032
202 6.716669999999908 0.8957597950000004 12.710344333333339 1.110786626666666 1.0846032666666685 1.091234833333332 38.61645950000001 1.0400037399999988 22.70779716666665
203 6.75 0.897475615 12.944344166666673 1.1079019083333326 1.1006511500000011 1.0888919000000004 39.184260166666654 1.004498541666666 22.969688166666657
204 6.783330000000094 0.899096871666666 13.18108683333333 1.108412925 1.1168654999999996 1.08590785 39.756110166666694 0.9854388650000008 23.229154333333337
205 6.816670000000067 0.8992904833333335 13.420215499999994 1.1041800516666667 1.133177216666666 1.0854640833333338 40.3333625 0.9799653800000001 23.489718999999994
206 6.8499999999999375 0.9005408699999993 13.662022666666665 1.1001992899999993 1.149589149999999 1.0828956166666688 40.91489216666664 0.9806301066666668 23.75302016666666
207 6.883330000000027 0.9019130933333336 13.906561833333326 1.1036029116666664 1.1662127333333334 1.080732433333334 41.50092433333334 0.9898156516666675 24.021377500000035
208 6.91667000000004 0.9016392799999998 14.15340183333334 1.100029713333332 1.1829432999999998 1.0787989666666677 42.09158549999998 1.0033996800000002 24.29606050000001
209 6.949999999999924 0.9030662699999997 14.403017999999987 1.094110286666666 1.1997446499999997 1.0765399500000006 42.68670616666666 1.023037485 24.578825499999983
210 6.983330000000021 0.902723926666665 14.654940833333331 1.095157951666667 1.216723933333333 1.0755922833333333 43.2870196666667 1.0557512749999995 24.87343783333333
211 7.016669999999979 0.9045474099999992 14.909787833333354 1.092053353333333 1.2338170000000004 1.0720689000000003 43.89108966666668 1.0983927166666667 25.182883999999994
212 7.050000000000077 0.9044391466666665 15.167031666666652 1.0861544799999996 1.2509794666666665 1.0701006500000008 44.49979600000001 1.1475285166666667 25.509248666666657
213 7.083329999999971 0.9052553066666665 15.426947666666662 1.085387956666666 1.2682925999999994 1.0682931500000004 45.11323483333339 1.188224433333333 25.850388333333342
214 7.116669999999986 0.9054071016666669 15.689358999999998 1.080501163333333 1.2856900666666662 1.0649917833333333 45.73054483333331 1.2107041000000003 26.201266500000006
215 7.150000000000044 0.9062926450000005 15.954490833333336 1.0802670700000003 1.3032471333333326 1.063350716666667 46.35269016666665 1.2100669333333332 26.555251333333338
216 7.18332999999993 0.9065089783333347 16.222169499999993 1.0743451149999992 1.3208714499999996 1.0618427333333338 46.97976433333336 1.1960243666666655 26.908397333333305
217 7.2166699999999 0.9071217450000004 16.492517333333335 1.0728050599999996 1.3386342833333338 1.0589828333333335 47.61096333333338 1.1793825666666673 27.259871333333336
218 7.25 0.9078401933333339 16.765586499999984 1.071071933333334 1.3565322833333335 1.0565520500000019 48.24654566666667 1.1703752500000004 27.611892833333325
219 7.283330000000101 0.9082613249999997 17.041299666666667 1.0688886383333336 1.3745588833333324 1.0540874666666664 48.88648850000003 1.1655938166666664 27.965700333333345
220 7.316670000000072 0.9094465766666663 17.31990800000001 1.0639735733333326 1.3926663833333357 1.0512539999999986 49.53056733333332 1.1612536333333328 28.321429333333352
221 7.349999999999967 0.9097632466666674 17.60115116666664 1.0596746849999996 1.410866099999999 1.0492244666666661 50.17927300000001 1.152616649999999 28.67773383333332
222 7.383330000000001 0.9103186016666672 17.885128999999974 1.0602442966666672 1.4292407333333328 1.0479260166666677 50.83306799999996 1.144568783333334 29.03476899999998
223 7.416670000000011 0.9103401449999996 18.171685833333356 1.054172975 1.4476760500000003 1.0450544166666669 51.490965999999986 1.1357341833333339 29.392253999999994
224 7.449999999999917 0.9109137133333335 18.4610015 1.0511085599999996 1.4662229500000004 1.0435603166666667 52.15384599999998 1.1283311333333317 29.75061033333336
225 7.483330000000022 0.9120413816666663 18.75327533333334 1.0495726316666667 1.4849086833333336 1.0407478166666684 52.82086749999999 1.1151941833333332 30.10796649999998
226 7.516669999999978 0.9113025700000008 19.047920666666663 1.0438526750000008 1.5036590666666667 1.0395652666666673 53.49308200000002 1.1047391499999994 30.46513783333331
227 7.550000000000085 0.9131325833333326 19.34578166666667 1.0381196466666658 1.522471983333334 1.0376131666666673 54.16999516666663 1.0891530333333332 30.820395333333337
228 7.5833299999999975 0.9136037716666664 19.646433166666686 1.0344216550000003 1.5413835499999993 1.0356523000000004 54.8516105 1.0728733666666668 31.1734435
229 7.61667000000001 0.9143350799999991 19.949978333333345 1.0301803616666658 1.5603836499999995 1.0335843166666665 55.53785650000004 1.054381781666666 31.523464333333347
230 7.650000000000018 0.915259185 20.25649450000001 1.0250211066666668 1.5794544166666666 1.0322443833333323 56.22922733333333 1.0374091216666672 31.870867166666667
231 7.683329999999923 0.9161764799999995 20.565996166666675 1.020575546666667 1.5986084833333352 1.029775433333334 56.92496749999999 1.0269694450000002 32.217783000000004
232 7.716669999999895 0.9169849116666664 20.878464999999995 1.0192156400000003 1.6179030166666672 1.0290553766666657 57.62626299999995 1.0232289933333334 32.56643633333332
233 7.75 0.9179144733333343 21.193956999999987 1.0130239883333325 1.6372466833333321 1.0273065516666675 58.332433999999935 1.0279196449999992 32.91971949999997
234 7.783330000000107 0.9188629049999993 21.512501833333342 1.0106367216666667 1.656710916666667 1.0265188833333345 59.04413866666658 1.0448701883333327 33.28192833333333
235 7.816670000000078 0.9203402416666671 21.83429616666667 1.0068445333333338 1.6762687166666659 1.0247928349999995 59.76075250000002 1.066757683333334 33.65490000000005
236 7.8499999999999925 0.9214041483333341 22.159215833333334 1.0006560849999997 1.6958724333333324 1.023252955 60.48240433333337 1.087106283333333 34.03822999999999
237 7.8833299999999795 0.9218922483333343 22.487071333333333 0.9990400833333329 1.715610766666667 1.0219908966666655 61.20929750000004 1.094453983333332 34.42743683333331
238 7.916669999999986 0.9228050683333346 22.818034 0.9939416633333326 1.735415016666665 1.020556885000001 61.94132216666667 1.083834583333333 34.816133166666646
239 7.9499999999999105 0.9244666033333337 23.15239416666667 0.992272616666668 1.7553529500000014 1.0196905716666675 62.678899333333305 1.0525668349999997 35.19680516666664
240 7.983330000000022 0.9251773583333337 23.489819666666694 0.9864392700000008 1.7753399333333346 1.0185884783333323 63.42187216666668 1.0139392466666666 35.56658466666667
241 8.016669999999978 0.9262290549999999 23.8304565 0.9831910816666671 1.7954277999999992 1.01845917 64.17096199999996 0.9783059933333333 35.92635400000001
242 8.050000000000091 0.9277794916666666 24.174507833333344 0.982418015 1.815667416666666 1.0173387200000004 64.92546583333339 0.9535868849999983 36.27995850000001
243 8.083330000000021 0.9282900766666662 24.52160200000002 0.9828161550000004 1.8360831666666668 1.017043401666667 65.68601133333328 0.9422326599999997 36.632248999999995
244 8.116669999999983 0.9298840683333335 24.87216983333333 0.978406846666667 1.8565755499999992 1.0165739683333335 66.45248883333328 0.9414096933333334 36.9871441666667
245 8.149999999999993 0.9299939649999996 25.225661666666657 0.9764399783333334 1.8771947166666667 1.0152203316666668 67.22424083333328 0.9455438649999993 37.3465286666667
246 8.18332999999992 0.9317536166666666 25.582728166666676 0.9744642099999998 1.897940900000001 1.0148780683333332 68.00206316666667 0.9532675466666676 37.71181999999998
247 8.216669999999889 0.9325769683333334 25.943024666666645 0.9721012249999997 1.9188057666666691 1.0148488983333332 68.7862106666667 0.9619736266666661 38.083451999999994
248 8.25 0.9345664866666675 26.307026500000028 0.9727571883333329 1.939854300000001 1.0151165183333335 69.576939 0.9741076783333343 38.4628375
249 8.283330000000113 0.9349705333333318 26.674137000000012 0.9696647783333331 1.9610061833333354 1.0150011549999978 70.37398300000001 0.987267286666667 38.85046133333336
250 8.316670000000082 0.9367372383333323 27.04490083333333 0.9666043783333322 1.9822608666666675 1.0147507916666672 71.17725166666672 1.006887906666667 39.248976833333366
251 8.350000000000014 0.9380489166666653 27.419172499999974 0.9705232266666665 2.003773466666666 1.0144612099999997 71.98674649999991 1.0271581950000004 39.65877449999997
252 8.383330000000006 0.9392730066666669 27.79692749999999 0.964668911666667 2.02532725 1.0147210650000003 72.80292266666669 1.053783225 40.08256700000003
253 8.416669999999963 0.9405704416666668 28.17821983333334 0.9682545366666663 2.047133549999999 1.0138089666666668 73.62486549999998 1.0845387 40.52219816666667
254 8.449999999999905 0.9418684733333323 28.563065499999976 0.9664618083333322 2.069072483333333 1.0143988650000002 74.4538108333334 1.120483216666667 40.98000416666671
255 8.483330000000022 0.9436476966666667 28.951689499999983 0.9682367950000005 2.0912252166666665 1.0145102683333345 75.28940299999991 1.1505838666666672 41.453822666666674
256 8.516669999999978 0.9450982499999994 29.343974833333323 0.9655216433333317 2.113489616666667 1.0145212633333336 76.13157999999993 1.172713933333334 41.94056466666666
257 8.550000000000095 0.9462457849999997 29.739815500000006 0.9649435033333326 2.135915216666668 1.0144493166666662 76.98030800000002 1.1802628333333332 42.43427366666667
258 8.583330000000043 0.9482888300000002 30.13961133333331 0.9664602833333341 2.158552016666666 1.0141532766666672 77.83541399999999 1.1779890000000015 42.930886499999986
259 8.616670000000003 0.9485580033333328 30.54263066666667 0.96630418 2.1813607833333326 1.0146671133333334 78.69761050000001 1.1687745166666663 43.42744800000004
260 8.649999999999974 0.9505369633333337 30.94962750000002 0.9647265549999986 2.2043089666666655 1.0150297033333335 79.5668013333332 1.1592623666666666 43.92378583333334
261 8.683329999999915 0.9517893083333328 31.3602995 0.9676247583333335 2.2275039333333333 1.0147482050000012 80.44246300000002 1.1509749000000005 44.42038066666669
262 8.716669999999882 0.9537851416666664 31.77500299999998 0.9698315116666675 2.2509306833333333 1.0146886516666662 81.32480700000006 1.1431448166666671 44.91739066666663
263 8.75 0.9554477883333341 32.193613500000005 0.9699149783333325 2.2745385999999996 1.0146830133333338 82.21390616666673 1.135266366666666 45.41475633333333
264 8.783330000000118 0.9566544766666687 32.6159515 0.9727987233333323 2.2983978833333323 1.0146151516666666 83.10973666666659 1.1287148166666665 45.913029833333304
265 8.816670000000087 0.958665076666667 33.04239166666666 0.9701651600000001 2.322373466666665 1.0147048416666657 84.01245566666665 1.1173190666666664 46.41002300000002
266 8.850000000000033 0.959320253333334 33.47235966666667 0.9738454549999986 2.3466222166666664 1.014223758333332 84.92158466666673 1.104336783333332 46.90496066666669
267 8.883329999999987 0.961352563333334 33.906490500000004 0.9746015516666656 2.371072966666667 1.014141796666667 85.8374986666666 1.0851826999999998 47.39498466666666
268 8.916669999999945 0.9629003233333335 34.34459133333334 0.9745725383333337 2.3957066166666676 1.0141631099999997 86.7603181666667 1.0610814166666662 47.87773249999995
269 8.9499999999999 0.9640923883333323 34.786514333333365 0.9753028516666664 2.4205436833333303 1.014232136666666 87.69011549999993 1.0344464566666656 48.35188299999998
270 8.983330000000022 0.9654893749999993 35.232385166666674 0.9784283350000009 2.445645866666669 1.0137741883333347 88.62642666666672 1.0099490033333332 48.81826033333331
271 9.016669999999978 0.9668519566666675 35.68220216666664 0.9790637000000002 2.470951683333331 1.0129302850000004 89.56891433333328 0.9914960616666664 49.279519833333346
272 9.0500000000001 0.9692266950000004 36.13646816666672 0.9801592116666679 2.4964733166666675 1.0135991083333347 90.51901199999989 0.976545656666666 49.73719000000004
273 9.083330000000062 0.9706143349999996 36.59473983333333 0.979308915 2.522160633333331 1.0135246783333338 91.47605083333342 0.9699879133333322 50.19514300000001
274 9.11667000000002 0.9715798683333332 37.056839499999974 0.9829264866666673 2.548132633333333 1.0135001500000003 92.44010050000007 0.9688845099999995 50.65594033333336
275 9.149999999999956 0.9727421366666665 37.52287933333331 0.9847492350000002 2.574343450000003 1.013109898333333 93.41084133333348 0.9711700333333342 51.12120533333335
276 9.18332999999991 0.9746974799999997 37.99326999999999 0.984201293333332 2.6007308166666676 1.0132153066666667 94.3887686666667 0.9800222433333334 51.59413983333334
277 9.216669999999878 0.976307901666666 38.46785949999993 0.9841735183333339 2.6273094333333344 1.0128892699999994 95.37349333333323 0.9904886283333332 52.07559966666662
278 9.25 0.9772928533333323 38.946376999999934 0.9861500216666658 2.654134133333333 1.0132834549999998 96.36573633333326 1.0043831483333339 52.56735316666667
279 9.283330000000124 0.9788607650000004 39.429115166666655 0.9832713466666668 2.6810739666666623 1.0133538866666665 97.36521566666674 1.01697124 53.06886083333335
280 9.31667000000009 0.9805845583333331 39.91618466666664 0.986405754999998 2.708294133333331 1.0135840300000003 98.37211499999992 1.0264208983333334 53.57867383333333
281 9.350000000000051 0.9818883516666678 40.40740083333332 0.9882784116666661 2.735761516666669 1.013874601666666 99.38651999999993 1.0279706883333333 54.0929136666666
282 9.383329999999969 0.9822592183333331 40.902308833333336 0.9859606283333335 2.763359883333332 1.014288950000001 100.40858333333335 1.0228577366666676 54.60825416666667
283 9.416669999999927 0.9834529966666667 41.401344333333405 0.9866263400000005 2.7911737666666725 1.014541711666667 101.43820166666674 1.0113169800000001 55.121404833333315
284 9.449999999999896 0.9848211633333339 41.90462366666663 0.9849595416666669 2.819137350000001 1.014399615 102.47496833333331 0.9936181733333335 55.62915083333335
285 9.483330000000022 0.9857202949999998 42.41191783333328 0.986721441666668 2.8473490833333326 1.0149642200000009 103.5196266666666 0.9765411399999996 56.13169816666668
286 9.516669999999978 0.987238648333334 42.9235716666666 0.9861348316666653 2.875742466666664 1.014888688333333 104.57157666666672 0.959990528333333 56.62920766666669
287 9.550000000000104 0.9877061283333334 43.43906166666666 0.9869344200000012 2.9043586000000015 1.0149560566666684 105.63094500000001 0.949183545 57.12456466666668
288 9.58333000000008 0.9890612133333345 43.9588656666667 0.9853709683333327 2.933128950000001 1.0149363583333328 106.69772333333339 0.9433505783333338 57.62032500000006
289 9.616670000000038 0.9901985483333327 44.482898833333344 0.9855482016666675 2.962105083333336 1.0153399150000013 107.77238666666658 0.939284760000001 58.11738616666662
290 9.64999999999994 0.9908142350000003 45.01089699999997 0.9845486366666673 2.9912527333333307 1.0155208433333336 108.85469333333346 0.9406672416666675 58.61863283333334
291 9.683329999999907 0.99179572 45.54307449999998 0.9839888000000006 3.0205855833333364 1.0155588083333322 109.94451833333338 0.9428518316666663 59.12452483333343
292 9.716669999999873 0.9924949583333326 46.07930116666665 0.9827333399999993 3.050082583333338 1.0157011666666675 111.04201999999995 0.9451392316666665 59.635141000000004
293 9.75 0.9933059850000002 46.619654666666705 0.9829851099999997 3.079790450000001 1.015727473333334 112.14709500000009 0.9484365983333318 60.15105783333334
294 9.783330000000127 0.9944166699999988 47.16431799999999 0.9798769333333331 3.10960705 1.0167184166666674 113.26079833333337 0.9524568583333333 60.67271216666662
295 9.816670000000094 0.9944593700000003 47.71272283333335 0.9794150783333343 3.139613100000002 1.0168020600000003 114.38224000000002 0.9572847550000005 61.200589166666674
296 9.850000000000069 0.9953873350000002 48.265372333333346 0.9797510416666675 3.169833633333335 1.0167541883333333 115.51123166666675 0.9624311 61.73491166666663
297 9.883329999999955 0.996038341666667 48.822129666666655 0.9773521799999998 3.2001841333333307 1.0166686233333337 116.6477849999999 0.9668918550000006 62.27535299999993
298 9.916669999999911 0.9965198049999988 49.38292416666669 0.9767202266666669 3.230720716666668 1.0162674533333331 117.79157333333336 0.9716340800000006 62.822116500000014
299 9.949999999999893 0.9971440833333314 49.94784649999997 0.9752124949999992 3.2614149833333332 1.0170346733333335 118.94392000000008 0.9749594616666656 63.37444350000003
300 9.983330000000022 0.9976657266666666 50.51685733333332 0.9741530483333333 3.2922817666666715 1.016429055000001 120.10331999999995 0.9766222399999992 63.931425333333394
