5200000 0.11916226640688753 
5250000 0.11907726555210961 
5300000 0.11892596804688511 
5350000 0.11892888529085055 
5400000 0.11896024939506851 
5450000 0.11906572592451291 
5500000 0.11900685709725997 
5550000 0.11896251110446208 
5600000 0.11909101683302459 
5650000 0.11915070461478333 
5700000 0.11889359797074435 
5750000 0.11881779567357449 
5800000 0.11920801615194442 
5850000 0.11921681928550124 
5900000 0.11927217709689493 
5950000 0.11929605463750682 
6000000 0.11904933203867744 
6050000 0.11923253650482589 
6100000 0.11902513347391727 
6150000 0.11895511111094974 
6200000 0.11891482165794783 
6250000 0.11925221582203299 
6300000 0.11925273549308332 
6350000 0.11907694235394913 
6400000 0.11910103348046196 
6450000 0.11917376318323299 
6500000 0.11909005350707319 
6550000 0.11916683285276389 
6600000 0.11917702379407569 
6650000 0.11906758076458497 
6700000 0.11899790155455288 
6750000 0.1192982443616218 
6800000 0.11906964121556851 
6850000 0.11924038393303507 
6900000 0.11888041370568891 
6950000 0.11935895352300507 
7000000 0.11923429835712862 
7050000 0.1187872620393922 
7100000 0.11898766517206441 
7150000 0.11898170738108294 
7200000 0.11904045421591629 
7250000 0.11893274214858628 
7300000 0.11899745309597926 
7350000 0.11941070694699929 
7400000 0.11905225415731412 
7450000 0.11910502585794121 
7500000 0.11907369095040951 
7550000 0.11889406155253988 
7600000 0.11924883422050543 
7650000 0.11904014473530647 
7700000 0.11929104439574031 
7750000 0.1192394508414283 
7800000 0.11931349942827355 
7850000 0.11898496427415954 
7900000 0.11915949340660753 
7950000 0.11917393053402993 
8000000 0.11893571213658768 
8050000 0.11936154747487415 
8100000 0.11922293425231438 
8150000 0.11928319429293058 
