1 0.01666670000000003 0.0 0.0 0.0 0.0 0.0 0.0 0.0 0.0
2 0.05000000000000049 0.0 0.0 0.0 0.0 0.0 0.0 0.0 0.0
3 0.08333329999999965 0.0 0.0 0.0 0.0 0.0 0.0 0.0 0.0
4 0.11666700000000027 0.0 0.0 0.0 0.0 0.0 0.0 0.0 0.0
5 0.1500000000000009 0.0 0.0 0.0 0.0 0.0 0.0 0.0 0.0
6 0.18333300000000133 0.0 0.0 0.0 0.0 0.0 0.0 0.0 0.0
7 0.21666700000000086 0.0 0.0 0.0 0.0 0.0 0.0 0.0 0.0
8 0.25 0.0 0.0 0.0 0.0 0.0 0.0 0.0 0.0
9 0.2833329999999991 0.0 0.0 0.0 0.0 0.0 0.0 0.0 0.0
10 0.3166669999999973 0.0 0.0 0.0 0.0 0.0 0.0 0.0 0.0
11 0.34999999999999637 0.0 0.0 0.0 0.0 0.0 0.0 0.0 0.0
12 0.38333299999999526 0.0 0.0 0.0 0.0 0.0 0.0 0.0 0.0
13 0.4166669999999956 0.0 0.0 0.0 0.0 0.0 0.0 0.0 0.0
14 0.44999999999999496 0.0 0.0 0.0 0.0 0.0 0.0 0.0 0.0
15 0.48333299999999707 0.0 0.0 0.0 0.0 0.0 0.0 0.0 0.0
16 0.5166670000000018 0.0 0.0 0.0 0.0 0.0 0.0 0.0 0.0
17 0.5500000000000062 0.0 0.0 0.0 0.0 0.0 0.0 0.0 0.0
18 0.5833329999999984 0.0 0.0 0.0 0.0 0.0 0.0 0.0 0.0
19 0.6166670000000055 0.0 0.0 0.0 0.0 0.0 0.0 0.0 0.0
20 0.6499999999999948 0.0 0.0 0.0 0.0 0.0 0.0 0.0 0.0
21 0.6833330000000036 0.0 0.0 0.0 0.0 0.0 0.0 0.0 0.0
22 0.7166669999999895 0.0 0.0 0.0 0.0 0.0 0.0 0.0 0.0
23 0.75 0.0 0.0 0.0 0.0 0.0 0.0 0.0 0.0
24 0.7833330000000119 0.0 0.0 0.0 0.0 0.0 0.0 0.0 0.0
25 0.8166669999999961 0.0 0.0 0.0 0.0 0.0 0.0 0.0 0.0
26 0.8500000000000093 0.0 0.0 0.0 0.0 0.0 0.0 0.0 0.0
27 0.8833329999999943 0.0 0.0 0.0 0.0 0.0 0.0 0.0 0.0
28 0.9166670000000037 0.0 0.0 0.0 0.0 0.0 0.0 0.0 0.0
29 0.9499999999999975 0.0 0.0 0.0 0.0 0.0 0.0 0.0 0.0
30 0.9833330000000067 0.0 0.0 0.0 0.0 0.0 0.0 0.0 0.0
31 1.0166699999999878 0.0 0.0 0.0 0.0 0.0 0.0 0.0 0.0
32 1.0499999999999978 0.0 0.0 0.0 0.0 0.0 0.0 0.0 0.0
33 1.083330000000004 0.0 0.0 0.0 0.0 0.0 0.0 0.0 0.0
34 1.1166699999999994 0.0 0.0 0.0 0.0 0.0 0.0 0.0 0.0
35 1.1499999999999873 0.0 0.0 0.0 0.0 0.0 0.0 0.0 0.0
36 1.1833299999999938 0.0 0.0 0.0 0.0 0.0 0.0 0.0 0.0
37 1.2166700000000124 0.0 0.0 0.0 0.0 0.0 0.0 0.0 0.0
38 1.25 0.0 0.0 0.0 0.0 0.0 0.0 0.0 0.0
39 1.283329999999987 0.0 0.0 0.0 0.0 0.0 0.0 0.0 0.0
40 1.31667000000001 0.0 0.0 0.0 0.0 0.0 0.0 0.0 0.0
41 1.3500000000000143 0.0 0.0 0.0 0.0 0.0 0.0 0.0 0.0
42 1.3833300000000006 0.0 0.0 0.0 0.0 0.0 0.0 0.0 0.0
43 1.416669999999986 0.0 0.0 0.0 0.0 0.0 0.0 0.0 0.0
44 1.450000000000014 0.0 0.0 0.0 0.0 0.0 0.0 0.0 0.0
45 1.4833300000000158 0.0 0.0 0.0 0.0 0.0 0.0 0.0 0.0
46 1.516669999999984 0.0 0.0 0.0 0.0 0.0 0.0 0.0 0.0
47 1.5499999999999838 0.0 0.0 0.0 0.0 0.0 0.0 0.0 0.0
48 1.5833300000000172 0.0 0.0 0.0 0.0 0.0 0.0 0.0 0.0
49 1.6166699999999994 0.0 0.0 0.0 0.0 0.0 0.0 0.0 0.0
50 1.6499999999999844 0.0 0.0 0.0 0.0 0.0 0.0 0.0 0.0
51 1.6833299999999825 0.0 0.0 0.0 0.0 0.0 0.0 0.0 0.0
52 1.716670000000015 0.0 0.0 0.0 0.0 0.0 0.0 0.0 0.0
53 1.75 0.0 0.0 0.0 0.0 0.0 0.0 0.0 0.0
54 1.7833299999999845 0.0 0.0 0.0 0.0 0.0 0.0 0.0 0.0
55 1.8166700000000129 0.0 0.0 0.0 0.0 2.18925e-06 8.2672e-08 0.0 0.0
56 1.8500000000000076 0.0 0.0 0.0 0.0 2.112018333333333e-05 9.093920000000002e-07 0.0 0.0
57 1.88332999999999 0.0 0.0 0.0 0.0 7.740531666666669e-05 4.0509275e-06 0.0 0.0
58 1.91666999999999 0.0 0.0 0.0 0.0 0.00037174774999999984 1.967593199999994e-05 0.0 0.0
59 1.950000000000022 0.0 0.0 0.0 0.0 0.0012085183666666669 7.225536300000006e-05 0.0 0.0
60 1.9833300000000176 0.0 0.0 0.0 0.0 0.0031341627500000007 0.00021329379983333263 3.673958333333333e-05 8.267191666666667e-07
61 2.016669999999982 0.0 0.0 0.0 0.0 0.007731217816666667 0.0005729993521666661 0.01521768361666667 0.00035482798833333243
62 2.0499999999999767 0.0 0.0 0.0 0.0 0.015973724666666664 0.0013409395383333245 0.03801102383333334 0.0012685192766666562
63 2.0833300000000037 0.0 0.0 0.0 0.0 0.02885279333333336 0.0027735614999999975 0.01277440110000001 0.0015856466666666522
64 2.1166700000000214 0.0 0.0 0.0 0.0 0.04850202916666666 0.005259507233333334 0.00038067356666666665 0.0015954020999999856
65 2.150000000000006 0.0 0.0 0.0 0.0 0.07642256249999999 0.009300843433333322 0.020467776433333345 0.0021365741666666688
66 2.1833300000000007 0.0 0.0 0.0 0.0 0.11287525483333342 0.015456350000000004 0.05947146749999998 0.0037581010166666527
67 2.2166700000000166 4.409203333333333e-06 1.24008e-07 0.0 0.0 0.15871560499999993 0.024377976166666666 0.05306507733333328 0.005249504116666671
68 2.25 2.4260014999999996e-05 8.267200000000002e-07 0.0 0.0 0.21252714000000014 0.03668650683333331 0.0775765461666667 0.007495866949999992
69 2.2833299999999834 0.00010949350499999999 4.092263999999996e-06 0.0 0.0 0.27583314500000017 0.053138145500000046 0.11346441866666676 0.010879466700000015
70 2.316669999999995 0.0004509894666666668 1.7939824500000025e-05 0.0 0.0 0.3456044933333335 0.07435747366666673 0.11793071916666674 0.014499657166666664
71 2.3499999999999868 0.0011449694866666662 5.4108820166666764e-05 0.0 0.0 0.4219313866666664 0.10101379700000002 0.10875760866666671 0.017935016333333328
72 2.3833299999999684 0.0030482883383333346 0.00015314988183333297 0.00013735883333333332 2.48016e-07 0.5023081900000006 0.13365487166666667 0.09027985749999996 0.020868211999999997
73 2.416670000000006 0.006894263349999994 0.0003834738699999991 0.0005572123333333332 1.2814159999999993e-06 0.5857254799999999 0.17278845833333345 0.060019227000000015 0.02287319483333338
74 2.450000000000027 0.013263643949999985 0.0008388725916666698 0.0035111159999999986 7.97784799999998e-06 0.6704792799999999 0.21882887333333315 0.055348390833333344 0.02477348883333333
75 2.4833300000000187 0.023477148333333333 0.0016670387000000016 0.01647386983333335 4.026125950000012e-05 0.7589555916666665 0.2723726249999999 0.042520657333333337 0.02627333066666659
76 2.516669999999981 0.037485608666666656 0.0030250906999999966 0.0573012028333333 0.0001555887001666662 0.8440035250000002 0.3335255549999999 0.015987795400000008 0.026852494666666674
77 2.5499999999999723 0.05581093166666667 0.0051009837 0.1536295853333333 0.00047304896166666536 0.9266712333333339 0.40245865000000025 0.004178961316666669 0.027007908333333285
78 2.5833299999999904 0.07868140383333326 0.008104538616666674 0.3533537116666666 0.0012224290783333306 1.006316856666666 0.4792861350000001 0.0031838129666666684 0.027129435833333247
79 2.616670000000039 0.1056043353333332 0.012240534166666664 0.6549149033333342 0.0026474042833333337 1.084943166666666 0.5642677650000003 0.006983439233333325 0.02740295049999995
80 2.650000000000022 0.1340395350000001 0.017624793166666663 1.0726658566666671 0.005041170633333334 1.1577633833333343 0.6572783383333329 0.029543596016666656 0.02858960216666663
81 2.6833300000000135 0.16646370333333332 0.024480820000000004 1.555335733333334 0.008599950550000004 1.225463966666667 0.7582198999999993 0.19327604499999995 0.036549436166666706
82 2.716670000000018 0.19784076666666675 0.03283279599999998 2.0741917333333313 0.013464616499999997 1.285804083333334 0.8667793699999985 0.9379370599999999 0.07614302266666664
83 2.75 0.23200094000000002 0.04286871766666666 2.529422466666668 0.019543359833333322 1.342844316666665 0.9829541716666655 2.7104336 0.19338491166666666
84 2.783329999999982 0.26391927499999973 0.05456378200000003 2.916815249999996 0.026724041000000014 1.3956082833333336 1.1066384333333332 4.775836216666669 0.4050059533333335
85 2.816669999999984 0.29574474666666645 0.06798495350000001 3.1850640500000007 0.03475409366666665 1.4444073333333347 1.2377319833333338 5.532813649999999 0.6560753933333333
86 2.849999999999973 0.32447718833333317 0.08306055716666667 3.361950083333333 0.0434318785 1.4858088333333328 1.3757934833333332 4.791014416666666 0.8786603949999993
87 2.883329999999954 0.3535938800000002 0.09987548783333323 3.415206450000001 0.052454531166666686 1.5205400333333332 1.5204067333333333 3.5591724 1.0479054333333322
88 2.9166700000000167 0.37963860166666685 0.11834880500000002 3.3904467833333323 0.061620038666666634 1.5532773666666673 1.6715683333333338 2.6132718166666664 1.1750612166666674
89 2.95000000000003 0.40366069999999993 0.13844255499999994 3.288269883333334 0.07071370499999997 1.5798014500000006 1.8288457500000013 2.161623966666668 1.2826586999999994
90 2.9833300000000196 0.4272785583333333 0.16019526666666656 3.154523483333328 0.07963579000000004 1.6036324166666656 1.9921239499999983 1.9172800166666673 1.380262449999998
91 3.0166699999999804 0.4472734483333331 0.18347764166666658 2.9812028666666657 0.08825706933333337 1.6269011166666678 2.1614933000000014 1.6179251166666675 1.464477716666667
92 3.0499999999999696 0.46706051833333345 0.20833039499999964 2.7818067166666656 0.09648053133333334 1.6421370499999977 2.3362474166666654 1.2611671166666651 1.5315817166666668
93 3.0833299999999806 0.4855407199999997 0.2347341933333332 2.6131109833333332 0.10437502500000007 1.6523376166666677 2.515952100000001 0.9338667466666667 1.5823627166666678
94 3.1166700000000507 0.4998510266666666 0.2625070400000003 2.421874566666666 0.1118508683333333 1.6635405666666665 2.7008072833333365 0.6807278066666669 1.6201836
95 3.1500000000000328 0.5160564749999995 0.29179696666666693 2.2514277 0.11894996500000005 1.671839050000001 2.8905809833333307 0.5023832499999997 1.6486956500000018
96 3.1833300000000224 0.5297877033333339 0.32250608499999983 2.0819852500000016 0.12565450666666658 1.6751171833333334 3.0847712166666654 0.37892628166666686 1.6706589000000012
97 3.216670000000018 0.541532675 0.3545567266666668 1.9396700166666656 0.13203227833333342 1.6794368000000013 3.283561050000001 0.30254417499999986 1.6885640833333329
98 3.25 0.5531117400000001 0.38797456000000013 1.8063415833333345 0.1380953500000002 1.6773015166666667 3.4862345999999995 0.25373997666666676 1.7038938000000006
99 3.2833299999999817 0.5633905916666665 0.42271537166666623 1.694539250000001 0.14390040333333323 1.672371916666666 3.6924783000000008 0.23088556999999962 1.7181301833333327
100 3.316669999999976 0.5734954700000001 0.45880091833333353 1.5995960166666667 0.14949207333333353 1.665300483333332 3.902041266666663 0.2229803983333335 1.7321598833333338
101 3.3499999999999637 0.581733635 0.496144286666667 1.5047582333333325 0.154858471666667 1.6548483166666659 4.114495916666668 0.22549824666666662 1.746634650000001
102 3.3833299999999444 0.590914346666667 0.5348355949999999 1.4131553999999988 0.1599989499999997 1.6399904500000007 4.329253483333331 0.250303625 1.7630232333333318
103 3.4166700000000234 0.5967270466666664 0.5746812566666665 1.3523336833333344 0.16501560833333342 1.6186928666666665 4.545419816666666 0.2875594700000002 1.7822235833333335
104 3.4500000000000295 0.6042057233333331 0.6158172916666668 1.2921113500000008 0.16990286833333354 1.5972539833333326 4.76290555 0.3392850833333329 1.8053215833333347
105 3.4833300000000196 0.6106733566666672 0.6582008533333339 1.2306865666666662 0.1746481549999999 1.574256199999998 4.981421483333335 0.4080659166666667 1.8336420333333328
106 3.5166699999999804 0.6170616149999998 0.7018513850000008 1.2025962666666659 0.17937428499999972 1.5480559500000006 5.200433099999997 0.51125129 1.8698056333333337
107 3.5499999999999763 0.6206922599999993 0.7465950733333336 1.1629941500000007 0.18403187500000026 1.5217377166666681 5.419821683333336 0.6624567416666668 1.9175577666666679
108 3.5833299999999744 0.626329318333333 0.7925969700000002 1.1298847716666658 0.1886422266666667 1.493943966666666 5.639267333333337 0.88887047 1.982839233333334
109 3.616670000000047 0.6302519483333333 0.8397521683333338 1.1065958866666672 0.19324198166666653 1.467914983333332 5.858919383333331 1.2529823999999992 2.0765824499999996
110 3.6500000000000408 0.6349687099999997 0.8881400983333331 1.0946650433333334 0.19787636166666667 1.4434103000000014 6.078904499999999 1.9097980166666668 2.222111216666667
111 3.683330000000012 0.638689471666667 0.9377045649999999 1.0854950233333334 0.20255628166666673 1.4197891000000007 6.299259983333328 2.942689766666666 2.4504623833333325
112 3.7166700000000006 0.6416763 0.988406138333334 1.0679914100000012 0.20724443999999967 1.3974128833333332 6.520085449999998 3.9335458833333314 2.7612522500000045
113 3.75 0.6463469499999994 1.0403968333333324 1.0721613016666673 0.21203563833333344 1.3781010166666663 6.741783216666662 3.9935284500000003 3.0824672500000023
114 3.783330000000003 0.6491177316666669 1.0935430499999996 1.067086258333334 0.21688935333333342 1.3574335999999991 6.964055183333332 2.9649892666666697 3.3252109499999976
115 3.816669999999994 0.6546192933333328 1.148088049999999 1.0829125716666674 0.22190224833333347 1.3398219333333345 7.187326533333334 1.754167066666667 3.4713663499999967
116 3.849999999999957 0.6582499783333339 1.2038976666666672 1.084587135000001 0.22701095166666665 1.3237963500000007 7.411797116666668 1.068027531666666 3.561915033333339
117 3.8833299999999644 0.6619384600000001 1.2609962999999995 1.098794126666668 0.23227658666666665 1.3103069500000002 7.637844499999994 0.836890173333333 3.634101083333331
118 3.9166700000000296 0.6687834500000003 1.319679749999999 1.1157973366666665 0.23771590833333314 1.2983731500000013 7.865695000000007 0.7674684449999999 3.701440566666666
119 3.950000000000003 0.672865218333333 1.3797308833333337 1.1319809466666675 0.24332842000000024 1.2860851499999995 8.095246299999996 0.7157568650000002 3.7653161499999994
120 3.9833300000000205 0.6795868533333332 1.441409433333334 1.1546282350000008 0.2491502466666669 1.274698850000001 8.326622566666659 0.6728308866666662 3.8263793833333346
121 4.016669999999979 0.6863517149999996 1.5047491000000015 1.1772724883333339 0.25518604833333336 1.264841466666665 8.560067216666672 0.6534092050000001 3.8866758000000043
122 4.050000000000002 0.6912253050000007 1.5696016833333322 1.209995448333333 0.26149301666666663 1.2553866333333314 8.79562891666666 0.6620570499999997 3.9487889500000004
123 4.083329999999969 0.6994506733333334 1.6363108833333335 1.2358144333333339 0.26804098666666665 1.2445910666666655 9.033024633333325 0.7012215233333334 4.0156636666666685
124 4.116670000000028 0.7057832250000001 1.7047271999999987 1.268781066666668 0.27487384666666687 1.23601985 9.272650083333325 0.7861281633333335 4.0918646000000045
125 4.150000000000047 0.713735408333333 1.7750398333333328 1.2996246000000014 0.28198660333333325 1.227752383333333 9.514543233333338 0.9790819400000006 4.18831245
126 4.183329999999992 0.7199013533333329 1.8471031999999998 1.3385020333333333 0.2894303133333331 1.2179618333333315 9.75837803333334 1.3735646000000006 4.325802100000003
127 4.216669999999976 0.7273604766666671 1.9210782500000008 1.366787133333332 0.2971529383333332 1.2102200499999998 10.004537433333331 1.9972839166666638 4.528922966666666
128 4.25 0.7344594933333327 1.996961016666669 1.3904222666666668 0.30513379166666665 1.2007392499999991 10.2526495 2.6345098166666654 4.801100950000003
129 4.283330000000027 0.7407834550000002 2.074702299999999 1.4121421666666674 0.31336693500000007 1.1936038500000004 10.503166000000002 2.9328366499999965 5.108871366666664
130 4.316670000000013 0.7450984616666665 2.1541179666666666 1.4159823166666676 0.32175148166666684 1.1841596333333337 10.75558733333334 2.805517500000002 5.407881083333329
131 4.349999999999952 0.7498431699999998 2.2352788499999976 1.408402583333333 0.33022048666666654 1.1763453000000017 11.010228166666662 2.451202783333331 5.673178850000002
132 4.383329999999981 0.7540163833333328 2.3181469666666654 1.389235533333334 0.3387027083333335 1.1686272666666653 11.267091666666667 2.0590268333333337 5.899459449999994
133 4.416670000000034 0.7573356100000003 2.4026505499999975 1.3600618666666664 0.34713359666666654 1.1591738500000004 11.52576633333333 1.692070866666667 6.08825165
134 4.449999999999982 0.759474735 2.488676650000001 1.3250382666666687 0.3554718566666666 1.152188416666667 11.786779000000008 1.3651127333333333 6.242871083333329
135 4.483330000000021 0.7616086933333327 2.576241783333332 1.2733127833333333 0.3636051066666669 1.1441854999999985 12.049875000000016 1.121253583333334 6.371779250000002
136 4.516669999999979 0.7624359350000007 2.6652102166666682 1.2355907999999989 0.37161514999999984 1.1363899166666676 12.315077333333333 0.9602002283333343 6.48381936666667
137 4.550000000000021 0.7647495150000001 2.7557707333333306 1.1833025483333346 0.3793998883333332 1.1287336833333337 12.582398666666672 0.8706607933333333 6.586916383333333
138 4.5833299999999655 0.7655147683333321 2.847754933333335 1.1363845766666663 0.38698589 1.1220406666666665 12.852038833333324 0.8405897716666666 6.6879166333333275
139 4.6166700000000125 0.7654071383333332 2.941068866666663 1.0931403066666656 0.39438974666666665 1.1141124333333328 13.123684666666673 0.8603210750000001 6.792796800000001
140 4.650000000000052 0.7653361750000001 3.0357265166666667 1.0597626900000001 0.40167156000000015 1.1080747666666668 13.397772166666668 0.9188561566666664 6.906436433333335
141 4.683329999999976 0.7653466683333339 3.1317471666666665 1.0240200083333342 0.4088089983333334 1.1010939999999982 13.674054999999992 1.0200947233333337 7.034411583333326
142 4.716669999999957 0.7655514283333337 3.2291656666666686 0.9943204283333333 0.4158384466666668 1.0941152833333339 13.952505666666672 1.1612263666666658 7.182173716666657
143 4.75 0.7652009700000006 3.3279209166666663 0.968990626666666 0.42278594333333325 1.0881529833333332 14.233367666666654 1.3417866666666651 7.355333033333342
144 4.783330000000046 0.7645509833333328 3.4279816499999987 0.9419275416666667 0.4296345933333329 1.0832262500000014 14.516896000000001 1.5552638833333339 7.558869083333331
145 4.816670000000028 0.7644407033333332 3.529427483333333 0.9266872316666667 0.4364666433333337 1.0766522500000002 14.802646000000001 1.759592983333334 7.7923662166666725
146 4.849999999999947 0.7644650933333336 3.6322855499999993 0.9154608216666654 0.4433096400000001 1.0719895333333327 15.091107166666667 1.891319349999999 8.04682843333333
147 4.883329999999995 0.7648235283333329 3.7366111333333327 0.9041132983333332 0.45016104999999973 1.067575766666667 15.382344166666666 1.898415966666666 8.305768249999995
148 4.916670000000037 0.7647755849999996 3.842359316666666 0.8961294266666674 0.45704496666666683 1.0629875333333336 15.676303833333328 1.7928682000000007 8.553661583333332
149 4.9499999999999655 0.7652369066666679 3.949610466666668 0.8914059733333335 0.4639858399999997 1.0577557666666657 15.972792333333336 1.6326206666666667 8.782469133333333
150 4.983330000000021 0.7651947666666669 4.058305450000004 0.8910237866666665 0.4710174616666667 1.0543026999999996 16.272311666666663 1.5358987166666669 9.000630716666661
151 5.016669999999979 0.7675713166666666 4.168801033333332 0.8860789516666668 0.47810387666666626 1.0504192166666655 16.574731166666663 1.5528435499999997 9.224159200000004
152 5.050000000000037 0.7668931883333334 4.280671366666667 0.8918220066666663 0.48533134666666644 1.0469870499999991 16.880180999999986 1.6687440666666649 9.4675745
153 5.083329999999962 0.7673084499999999 4.3940844499999985 0.891471636666667 0.49265166333333343 1.044265304999999 17.188873333333316 1.8354386499999997 9.738851050000006
154 5.116669999999999 0.7698935616666667 4.50937716666667 0.8983857883333337 0.5001257966666672 1.0421929500000011 17.501004333333327 1.9713381333333349 10.034046383333319
155 5.150000000000055 0.7696026033333336 4.6261323166666655 0.9002151616666665 0.5077129849999996 1.0406061000000006 17.81673600000001 2.010696183333332 10.339072666666661
156 5.183329999999963 0.770958158333333 4.74461281666667 0.9050462700000008 0.5154400616666674 1.0385506666666675 18.135934166666654 1.9028577166666663 10.63148950000001
157 5.216669999999941 0.7732576183333338 4.864979383333337 0.9194398683333329 0.5233912850000005 1.0380902383333348 18.459110666666643 1.677143916666665 10.892544666666666
158 5.25 0.7752674966666662 4.98720611666667 0.9214626400000014 0.5314621666666665 1.0389887549999999 18.786710666666657 1.4147088499999987 11.115571833333327
159 5.283330000000061 0.7774191516666666 5.111333399999993 0.9359199099999999 0.5397641300000008 1.0400017666666668 19.118809166666665 1.1990911000000002 11.307018166666664
160 5.31667000000004 0.7801445733333325 5.23747288333333 0.9404334149999998 0.5482116783333336 1.0398404466666666 19.455058833333325 1.0542466049999994 11.477464166666655
161 5.349999999999943 0.7826605583333334 5.365610849999999 0.9489251466666659 0.5568427266666663 1.0421577549999996 19.796295666666673 0.969804166666668 11.636231666666664
162 5.383330000000006 0.7857631466666669 5.495864816666663 0.9601617283333331 0.5656851850000008 1.0440368166666676 20.1424215 0.9236826283333329 11.789343166666665
163 5.416670000000039 0.7896665966666663 5.628391766666672 0.9692480249999988 0.5747221649999997 1.0482399833333338 20.494257499999993 0.8996496149999996 11.940322000000005
164 5.449999999999952 0.792992876666666 5.763120150000008 0.9802773366666666 0.5839748266666672 1.049527399999999 20.850874499999982 0.8920734933333341 12.091876666666675
165 5.483330000000021 0.7967975633333336 5.9001561 0.9890357183333327 0.5934246849999997 1.0527204500000005 21.212966666666645 0.8936645516666674 12.245564666666656
166 5.516669999999979 0.8004441699999997 6.039497816666668 0.9972070666666675 0.6030688399999997 1.0560466166666673 21.580631833333317 0.9157556933333331 12.404970166666661
167 5.5500000000000504 0.8038310383333327 6.181124849999999 1.0140149333333333 0.6129943816666661 1.0587561166666661 21.953710666666677 0.9611362316666665 12.574304999999999
168 5.583329999999959 0.8075987116666674 6.325130283333335 1.0204514016666664 0.6231032816666665 1.062102183333334 22.332472500000005 1.038212425000001 12.759424666666678
169 5.616669999999989 0.8112886516666669 6.471526066666665 1.031992308333333 0.6334490133333338 1.0656420999999998 22.717049999999976 1.1438533166666658 12.965819833333335
170 5.650000000000058 0.814184058333333 6.620193499999994 1.0377662649999988 0.6439763533333331 1.0698377666666665 23.107739500000022 1.2406400000000013 13.192345666666673
171 5.683329999999953 0.819143358333334 6.77153646666668 1.0518150500000012 0.6547725466666663 1.0723659166666664 23.503985499999963 1.288654583333333 13.430424333333336
172 5.716669999999928 0.8221510799999999 6.925222216666665 1.0607324816666663 0.6657883333333329 1.0763766333333322 23.906392666666655 1.2737644833333335 13.66851733333333
173 5.75 0.8259234916666665 7.081418999999998 1.0664936950000008 0.6769935149999993 1.0794820999999994 24.314679666666677 1.2073033666666666 13.896831833333327
174 5.783330000000074 0.8302748716666666 7.240264416666675 1.0770719166666667 0.6884413850000002 1.0826152166666672 24.728915333333315 1.1256140500000003 14.112168166666663
175 5.816670000000051 0.8341186349999998 7.401690466666657 1.0853652033333336 0.7001108266666669 1.0858808166666671 25.149202333333342 1.049071453333333 14.315181833333336
176 5.849999999999941 0.8374472083333343 7.565622649999997 1.09482848 0.7120172516666672 1.0883377166666668 25.57528300000003 0.9991265916666665 14.510754999999993
177 5.883330000000015 0.8403874266666665 7.732011116666665 1.1036288150000004 0.7241565666666667 1.090310049999999 26.007012999999965 0.9770019733333343 14.704183666666665
178 5.9166700000000425 0.8443882116666669 7.901091183333327 1.1119474500000004 0.7365264233333333 1.0935922000000007 26.444965666666675 0.9824491883333332 14.900898666666665
179 5.949999999999941 0.8475611650000007 8.072724549999991 1.11409204 0.7490601050000008 1.0947358166666652 26.88832383333336 1.0118744916666658 15.10579866666668
180 5.983330000000021 0.8510818516666672 8.247006999999986 1.1215634016666687 0.7618196433333334 1.0961982666666676 27.337269500000044 1.0625912866666665 15.323382333333338
181 6.016669999999979 0.8542399466666676 8.423890566666678 1.124443688333334 0.7747548283333324 1.098366966666667 27.792127833333314 1.131861816666667 15.557738166666647
182 6.050000000000061 0.8574636066666667 8.603414499999992 1.1281872983333334 0.7878773166666669 1.0997844166666664 28.252632166666658 1.210716216666667 15.811210500000003
183 6.083329999999957 0.8601530283333333 8.78549131666666 1.1282063066666672 0.8011450183333341 1.1014459666666665 28.7189261666667 1.2881550166666667 16.083873500000017
184 6.116669999999981 0.8631452850000005 8.970209533333344 1.1340102499999996 0.8146274866666668 1.1025485500000007 29.190819499999996 1.3399275000000013 16.370612166666678
185 6.150000000000062 0.8660469500000003 9.157574366666665 1.1349167383333332 0.8282682683333334 1.1028654499999992 29.66800600000003 1.3466495000000003 16.66193666666667
186 6.183329999999943 0.8673564333333339 9.347261699999995 1.1341391549999988 0.8420478599999994 1.1034454833333327 30.150632999999956 1.3174042666666663 16.950034333333353
187 6.216669999999917 0.8707043433333332 9.539740233333335 1.1375144783333344 0.8560178149999992 1.1031760500000003 30.63835983333336 1.2703637166666661 17.230848166666632
188 6.25 0.8727236883333336 9.734739283333337 1.1380203000000009 0.8701443183333335 1.1037838999999983 31.131602333333333 1.2406731833333324 17.50804866666667
189 6.283330000000084 0.8742879800000006 9.932177983333336 1.136363543333333 0.8844010783333344 1.1045081333333333 31.63044716666666 1.2450845499999994 17.78920683333332
190 6.316670000000059 0.8759411233333338 10.132093366666671 1.1335660083333328 0.8987740516666649 1.1034867333333322 32.134130666666636 1.2826829333333318 18.081938833333314
191 6.3499999999999375 0.8788686166666666 10.334801666666667 1.1357532416666647 0.9133271416666666 1.1029864833333318 32.64291549999999 1.3492556833333338 18.393122666666642
192 6.383330000000024 0.8799005600000002 10.539878999999994 1.1308260499999985 0.9279696116666669 1.1037346166666662 33.1574031666667 1.4536461166666685 18.731913333333317
193 6.416670000000044 0.8831321016666668 10.74787033333333 1.133780816666667 0.9428041216666663 1.1028306666666667 33.676850666666674 1.5929423666666644 19.107053166666656
194 6.449999999999931 0.8835640216666673 10.958128166666663 1.1279185683333308 0.9577156116666661 1.1020774833333344 34.20135316666671 1.747548600000001 19.522889666666675
195 6.483330000000021 0.8863845750000001 11.171242666666656 1.125773600000001 0.9727529583333334 1.1007706499999994 34.73066333333333 1.865571133333334 19.97141233333332
196 6.516669999999979 0.8872348666666661 11.386763333333342 1.1249588666666652 0.9879342983333336 1.0993855 35.264756 1.8915358333333343 20.430862999999995
197 6.550000000000071 0.8896460133333333 11.605084500000002 1.1164327516666661 1.003155145000001 1.0981220833333323 35.80370816666664 1.7931126499999994 20.870875333333313
198 6.583329999999956 0.8903739416666664 11.825814666666686 1.1235274733333336 1.0186293833333342 1.097540083333334 36.34786649999997 1.6037020999999982 21.268423833333326
199 6.616669999999973 0.8926821583333339 12.049361833333341 1.1183759366666683 1.034188066666668 1.0958118333333333 36.89668599999997 1.3930264333333338 21.617252666666662
200 6.650000000000063 0.8938778266666663 12.275471500000009 1.1163546200000012 1.0498765333333329 1.094201966666667 37.450236000000025 1.2192657833333327 21.925656000000014
201 6.683329999999936 0.8938323983333327 12.50384000000001 1.1108987416666665 1.0656447833333342 1.0923711166666659 38.00841183333339 1.104456516666668 22.20782449999999
202 6.716669999999908 0.896013383333334 12.735056500000004 1.1079508083333318 1.081528483333333 1.0910917666666673 38.57151133333329 1.0357292883333333 22.475079833333325
203 6.75 0.8965472733333333 12.968712500000008 1.1069646066666678 1.0975560166666671 1.0889767833333324 39.139111 1.000520461666666 22.735820499999992
204 6.783330000000094 0.8977196050000006 13.204990666666662 1.107817708333334 1.1137548000000002 1.0865571833333334 39.71105283333333 0.9831734066666661 22.99457799999999
205 6.816670000000067 0.8991082650000001 13.44396500000001 1.1017479116666662 1.1300230833333333 1.0851852500000005 40.28790616666667 0.9780425500000016 23.25451950000001
206 6.8499999999999375 0.8998489183333339 13.685482333333317 1.102392975 1.1464610833333342 1.0831759499999996 40.869333999999995 0.9801657199999994 23.517580000000017
207 6.883330000000027 0.900336226666668 13.929485166666657 1.0993052866666673 1.163012550000001 1.0814093166666665 41.45547550000003 0.9889774849999992 23.785596333333313
208 6.91667000000004 0.9015037033333339 14.176178666666658 1.0967367049999999 1.179685833333332 1.0791025833333336 42.04604683333334 1.004634068333332 24.060495500000002
209 6.949999999999924 0.9013352050000003 14.425210666666672 1.0935683049999994 1.196471716666666 1.076970616666667 42.64114233333332 1.0258561666666666 24.34391666666667
210 6.983330000000021 0.9023092666666676 14.676904833333346 1.0921553483333328 1.2133969333333334 1.074656683333334 43.2406735 1.0591569499999989 24.63934966666668
211 7.016669999999979 0.9024931016666666 14.931062000000008 1.0899005449999997 1.230448583333333 1.0734431166666674 43.845254333333365 1.1017236500000012 24.94959900000001
212 7.050000000000077 0.903422243333334 15.187903333333328 1.085593733333333 1.2475949833333335 1.0702225833333343 44.453766333333306 1.149205866666666 25.276299166666657
213 7.083329999999971 0.9039734283333335 15.447335666666667 1.0841457616666654 1.264880666666668 1.0686064333333334 45.067114333333336 1.1888140333333328 25.61746499999999
214 7.116669999999986 0.9044805233333333 15.709365833333335 1.085231798333333 1.2823468166666674 1.0671586666666655 45.685415000000035 1.211062350000001 25.96829033333333
215 7.150000000000044 0.9047474199999995 15.973931666666676 1.0798819933333337 1.299890666666666 1.0641563499999998 46.30776016666666 1.2106207500000006 26.3222855
216 7.18332999999993 0.9050217366666665 16.24105066666668 1.079437975 1.317590216666667 1.0610317166666667 46.93407816666668 1.1987041500000022 26.676069333333338
217 7.2166699999999 0.9059467716666671 16.510931999999983 1.0734084866666656 1.3353553166666665 1.0589901333333334 47.565007666666666 1.1826503499999996 27.028363499999994
218 7.25 0.9057220049999996 16.783243999999993 1.071878215 1.3532589499999998 1.0566221333333332 48.200356166666666 1.172966366666666 27.381009166666683
219 7.283330000000101 0.9064910433333337 17.058300000000006 1.0693842733333332 1.3712859499999988 1.054137533333333 48.840051666666675 1.168028716666667 27.73540266666668
220 7.316670000000072 0.9076676266666666 17.33623866666664 1.0647496166666663 1.3893990333333333 1.052922616666667 49.48487166666662 1.1625845333333333 28.091383333333344
221 7.349999999999967 0.9075563333333321 17.616677333333318 1.0602349166666658 1.4076003499999985 1.0501502 50.13386633333335 1.1557191166666658 28.44848983333334
222 7.383330000000001 0.9080037166666665 17.899814166666633 1.0575686266666657 1.4259209666666668 1.0477861166666655 50.787284833333345 1.149312783333335 28.806849666666682
223 7.416670000000011 0.9084854899999993 18.18565900000002 1.0525027099999993 1.4443185833333332 1.0455970666666659 51.44523916666668 1.1410727833333327 29.165858500000006
224 7.449999999999917 0.9085569016666661 18.474101000000008 1.0511977949999995 1.4628593000000008 1.0438170333333332 52.107994333333345 1.1334105000000003 29.525671166666694
225 7.483330000000022 0.9100328399999993 18.76560516666666 1.0479505716666668 1.4815081666666674 1.0413723499999998 52.77512749999999 1.1240329666666673 29.885704166666656
226 7.516669999999978 0.9099721833333344 19.059689833333323 1.0427444766666667 1.5002301166666667 1.040246216666667 53.44748516666662 1.113496816666667 30.245546666666645
227 7.550000000000085 0.9102921966666658 19.356494833333315 1.0395895666666652 1.5190615333333322 1.0382000333333348 54.12448916666654 1.099458366666665 30.60401533333331
228 7.5833299999999975 0.91134798 19.65627216666665 1.0328064016666663 1.5379354166666672 1.0361295833333324 54.806121500000096 1.0803861333333347 30.95937983333332
229 7.61667000000001 0.9120671916666665 19.958931666666683 1.0295498216666663 1.5569157500000006 1.0338509666666673 55.49224400000004 1.0634843333333324 31.31226550000002
230 7.650000000000018 0.9125302116666674 20.264398166666652 1.0270548816666674 1.5760159166666672 1.0320959666666674 56.183210666666696 1.0478609433333337 31.663020499999973
231 7.683329999999923 0.9140928033333328 20.573063666666677 1.0214176183333328 1.5951773333333334 1.03100214 56.87947833333335 1.037415039999999 32.01330849999998
232 7.716669999999895 0.9145326833333339 20.884560666666676 1.0196344366666665 1.6144715000000018 1.029894625000001 57.5810406666667 1.0333702433333338 32.365263833333366
233 7.75 0.9148257866666661 21.198853999999997 1.0162986499999993 1.633869083333334 1.0280137183333324 58.28738633333335 1.0398215949999996 32.72248549999999
234 7.783330000000107 0.9163711116666667 21.51639366666668 1.0102843616666664 1.6533183166666647 1.0264836216666673 58.99876333333337 1.0551071749999992 33.0880846666667
235 7.816670000000078 0.9170742433333338 21.836905666666667 1.00672346 1.6728648833333344 1.0253423500000012 59.71544566666661 1.0754012833333328 33.463911333333336
236 7.8499999999999925 0.9179493716666661 22.160467333333305 1.0022309666666664 1.6924910833333338 1.0243918183333323 60.437583333333286 1.0967745166666671 33.850482166666694
237 7.8833299999999795 0.9193970849999997 22.48729116666667 0.9972478816666666 1.7121856000000006 1.0227484333333352 61.1647005 1.1049688666666673 34.24325833333335
238 7.916669999999986 0.9196571516666675 22.81698299999999 0.9956685116666665 1.7320156500000008 1.022251916666666 61.89762066666664 1.0944042666666676 34.63557483333336
239 7.9499999999999105 0.9210791416666672 23.14997033333335 0.9929321433333326 1.7519581999999985 1.0211488883333326 62.63593000000001 1.0640405333333334 35.020225166666684
240 7.983330000000022 0.9220738833333337 23.486118666666666 0.991238575 1.772033900000002 1.01997388 63.379589166666705 1.0258305149999996 35.39417966666666
241 8.016669999999978 0.9229968116666669 23.825416500000006 0.9848318083333335 1.7921464500000006 1.0192593449999998 64.12894433333328 0.9902490166666672 35.758187166666694
242 8.050000000000091 0.9243481983333329 24.168046666666665 0.9833939116666673 1.8123974333333335 1.0185016916666674 64.88397950000004 0.9689827966666663 36.11733850000001
243 8.083330000000021 0.9255289850000019 24.513958666666696 0.9815459766666667 1.8327780166666676 1.0177778716666674 65.64474150000002 0.9568841116666664 36.474953666666664
244 8.116669999999983 0.9259696850000008 24.86289500000001 0.9804020466666666 1.8533028833333303 1.0179273499999995 66.41190716666662 0.9549876350000013 36.83480783333335
245 8.149999999999993 0.9266725316666666 25.214972166666676 0.9763624649999989 1.8739115666666655 1.0173480150000005 67.18494033333332 0.9601658766666664 37.19959333333328
246 8.18332999999992 0.9287714883333327 25.57074150000001 0.9769127233333333 1.8947007666666662 1.0164044149999993 67.96359016666675 0.968244753333333 37.570462166666665
247 8.216669999999889 0.9295135866666654 25.929695333333328 0.9747511466666663 1.9156132666666636 1.0164049333333323 68.7485988333333 0.9770920116666659 37.947773000000005
248 8.25 0.9314848700000005 26.29234000000001 0.9688566649999996 1.9365686166666665 1.015544816666666 69.53931633333332 0.9899337650000009 38.33315249999994
249 8.283330000000113 0.9316485050000002 26.657983833333333 0.97256718 1.9577743833333348 1.015726756666667 70.33658183333328 1.0042151033333329 38.727257999999956
250 8.316670000000082 0.933249828333333 27.02721149999999 0.9692334666666669 1.9790780500000003 1.0157375049999993 71.14028350000007 1.022931040000001 39.13194566666668
251 8.350000000000014 0.9348543016666675 27.400042833333348 0.9664900183333329 2.000491916666667 1.0156609533333332 71.9503803333333 1.0436072250000008 39.54812866666669
252 8.383330000000006 0.9355669600000005 27.776141333333356 0.9683484166666667 2.0221184666666683 1.0155533116666668 72.76687133333326 1.070895850000001 39.978609333333324
253 8.416669999999963 0.9371319000000004 28.155872000000013 0.9673375816666665 2.0438947000000005 1.0154905033333328 73.58981650000001 1.1011310333333333 40.42477300000002
254 8.449999999999905 0.938617233333333 28.539224499999992 0.9690922133333327 2.0658835166666694 1.0151290683333327 74.41899899999999 1.1341567833333326 40.88796233333333
255 8.483330000000022 0.9396549083333334 28.92603166666666 0.9671257566666662 2.088001150000001 1.015481400000001 75.25502466666659 1.1637171666666668 41.36698550000001
256 8.516669999999978 0.9407832033333331 29.316357833333345 0.9661236583333344 2.110269766666665 1.014945811666667 76.09719083333339 1.1842204166666663 41.85828333333332
257 8.550000000000095 0.941906783333333 29.71021199999999 0.9681758266666662 2.1327609499999984 1.0156769699999992 76.94657250000007 1.1924616000000006 42.35688249999997
258 8.583330000000043 0.9441418383333329 30.108086499999995 0.9697103833333326 2.1554635999999987 1.0149848499999996 77.80200733333326 1.190008750000001 42.85834116666671
259 8.616670000000003 0.9456609199999995 30.509701000000018 0.970311508333333 2.1783572333333296 1.01554776 78.66457750000001 1.1806657166666665 43.35973750000004
260 8.649999999999974 0.9466193866666667 30.914838166666694 0.9688718266666668 2.201394016666668 1.0159727500000004 79.5341948333334 1.1713679666666659 43.86104199999999
261 8.683329999999915 0.9484454916666666 31.32389266666666 0.9707239150000003 2.224653350000002 1.0159453849999993 80.41050583333337 1.163933066666667 44.36300699999997
262 8.716669999999882 0.9502171133333335 31.736862499999965 0.9712035533333335 2.2481024999999977 1.0152090750000007 81.29291866666662 1.1560898833333335 44.865426666666686
263 8.75 0.951295271666666 32.15347149999997 0.9720923416666665 2.271753450000002 1.015904649999999 82.18269899999996 1.1492839499999996 45.3687185
264 8.783330000000118 0.9533972500000004 32.57418500000001 0.9721766799999997 2.2955868333333314 1.0155718016666668 83.07898016666681 1.1416983333333328 45.87250083333339
265 8.816670000000087 0.9544404116666672 32.99856616666674 0.9728807450000005 2.319619400000001 1.0156044899999992 83.9821083333333 1.1338783333333338 46.37663833333335
266 8.850000000000033 0.9560643666666658 33.42688666666663 0.9747673900000005 2.3438804500000026 1.014967841666666 84.89150533333341 1.1209342333333334 46.87879449999994
267 8.883329999999987 0.957575378333332 33.859121999999985 0.9771002433333335 2.3683834666666703 1.015358196666667 85.80811949999996 1.101193483333334 47.375835999999936
268 8.916669999999945 0.9585907033333331 34.295070333333385 0.9758480766666667 2.393038550000001 1.0150052250000003 86.73130399999997 1.0779166333333345 47.866023
269 8.9499999999999 0.9597819383333335 34.7348275 0.9785902433333329 2.417948350000003 1.0150569716666669 87.66144966666673 1.0524418166666663 48.3482143333333
270 8.983330000000022 0.9614792766666663 35.17865033333333 0.9788835349999996 2.4430516333333347 1.0147659583333342 88.59826800000008 1.0263390233333323 48.82195466666668
271 9.016669999999978 0.9641162683333332 35.62700250000003 0.9791777466666658 2.468349116666671 1.014640256666667 89.54193633333333 1.0076819233333334 49.29053999999993
272 9.0500000000001 0.9650158866666675 36.07909750000004 0.9823015766666663 2.493915116666669 1.0139844366666677 90.49198050000004 0.9936238750000005 49.75601183333334
273 9.083330000000062 0.9663351266666672 36.53514299999997 0.9833700833333334 2.519698033333332 1.013606156666666 91.44867466666668 0.9866151600000008 50.22161033333335
274 9.11667000000002 0.9676419533333319 36.99517233333334 0.9842570866666671 2.5456939333333337 1.0138312933333342 92.41262183333335 0.9862650483333334 50.69046833333331
275 9.149999999999956 0.9697849616666677 37.459592333333326 0.9850403950000018 2.5719010166666654 1.0139672033333336 93.38375916666676 0.9884870283333331 51.1638251666666
276 9.18332999999991 0.9706355299999991 37.92781633333332 0.9840781500000009 2.5982737000000022 1.014166211666667 94.3621784999998 0.9946295416666667 51.64359816666666
277 9.216669999999878 0.9721817133333341 38.40019433333338 0.9865657316666665 2.624905433333331 1.0145601083333344 95.34809583333322 1.0084255733333332 52.13356399999995
278 9.25 0.9739770149999991 38.87687583333331 0.9865913383333326 2.651730633333331 1.0141943049999993 96.34080183333336 1.0208791066666667 52.63317399999995
279 9.283330000000124 0.9754910466666655 39.35774600000001 0.9871036816666663 2.678763866666669 1.0144661199999994 97.34093983333332 1.033243866666668 53.14248416666665
280 9.31667000000009 0.9767141383333329 39.842681833333316 0.9864157399999998 2.7059722 1.0144709116666648 98.34827750000001 1.0408555933333326 53.659242500000026
281 9.350000000000051 0.977674886666666 40.331571666666655 0.986539445 2.733379333333334 1.014536476666667 99.36290566666666 1.0443075483333335 54.18143099999999
282 9.383329999999969 0.9790793366666652 40.82466366666666 0.9903248783333335 2.7610876500000003 1.0152855799999994 100.38553783333337 1.038263993333333 54.70430350000002
283 9.416669999999927 0.9797614349999998 41.32161233333334 0.9878683066666658 2.7889242166666657 1.0151779533333338 101.41533166666662 1.0256804450000003 55.22451633333333
284 9.449999999999896 0.9808423633333336 41.82263333333332 0.989045718333334 2.8169915333333364 1.0153460299999992 102.45259833333336 1.0084859816666656 55.73963499999998
285 9.483330000000022 0.9822806616666675 42.32793966666667 0.9870807933333331 2.8452013833333383 1.0153507566666677 103.49720166666667 0.9907784949999996 56.249283999999996
286 9.516669999999978 0.9829755950000003 42.8371628333333 0.9883056966666661 2.873644933333333 1.0159348566666668 104.5497783333332 0.9757840633333335 56.754754999999946
287 9.550000000000104 0.9841182250000001 43.350553666666684 0.9880686366666658 2.902281350000002 1.0158958150000001 105.60971333333332 0.9649069916666665 57.25810383333332
288 9.58333000000008 0.9857245016666656 43.868382166666606 0.9878157383333329 2.931110300000001 1.0159888349999997 106.67713500000006 0.9582795383333333 57.76148499999998
289 9.616670000000038 0.9865248866666673 44.39024266666661 0.9862946066666668 2.9600956833333316 1.0160158716666658 107.75201666666665 0.9554635049999994 58.26689116666668
290 9.64999999999994 0.9868293066666672 44.915886833333396 0.9845073283333337 2.9892298333333276 1.016202781666667 108.83455833333325 0.9552025466666659 58.77566333333328
291 9.683329999999907 0.9879708166666665 45.44577999999997 0.9861683866666673 3.0186143833333308 1.016729806666666 109.9251866666666 0.9580940400000006 59.289507499999964
292 9.716669999999873 0.9884775850000012 45.97960416666665 0.9830556750000004 3.0481084666666662 1.0169612650000002 111.02354333333317 0.9611611533333331 59.808553666666654
293 9.75 0.9902174366666677 46.51804116666668 0.9844739916666679 3.077848150000001 1.017054393333332 112.12962166666672 0.9639830733333321 60.332699666666656
294 9.783330000000127 0.9902410966666658 47.0601801666666 0.9841260216666672 3.1077811666666677 1.0173597083333348 113.24353833333325 0.9683807366666666 60.86284316666666
295 9.816670000000094 0.9909673133333325 47.60641983333333 0.9801587916666674 3.1377966666666657 1.017282220000001 114.36499499999998 0.9733555383333338 61.39935116666671
296 9.850000000000069 0.9920393166666673 48.15696899999998 0.977828888333334 3.167944749999997 1.0173962983333331 115.49421333333339 0.9779799933333322 61.9420698333333
297 9.883329999999955 0.9923449616666666 48.71142216666667 0.9788054866666662 3.1983273166666657 1.017559276666667 116.63126500000006 0.9832253650000012 62.49140016666671
298 9.916669999999911 0.9932684133333334 49.27014083333339 0.9770784666666666 3.2288617999999984 1.0178213649999992 117.77628833333335 0.9876570499999987 63.046936833333284
299 9.949999999999893 0.9940775516666669 49.83308266666665 0.9775193650000004 3.2596152000000016 1.017622508333334 118.92881166666653 0.9914212900000001 63.60834483333337
300 9.983330000000022 0.9942398216666677 50.39988949999995 0.9744600516666655 3.2904778666666656 1.0179140366666668 120.0894033333333 0.993026163333334 64.1744348333333
