5200000 0.11918937791500434 
5250000 0.11903649983264403 
5300000 0.11903702596331273 
5350000 0.11913404594690717 
5400000 0.11896011547884852 
5450000 0.1192695154365726 
5500000 0.11926595658506992 
5550000 0.11894909928661772 
5600000 0.11905054635184002 
5650000 0.1193486973170726 
5700000 0.11887079779802492 
5750000 0.11904977357455485 
5800000 0.11926218417815156 
5850000 0.11904392744356487 
5900000 0.11946794533056648 
5950000 0.11923105508039152 
6000000 0.11930151852480535 
6050000 0.11912318495757325 
6100000 0.1194822883594363 
6150000 0.11908791117083782 
6200000 0.11923572473133905 
6250000 0.11898935716398683 
6300000 0.11912002192146616 
6350000 0.11901339526479292 
6400000 0.11887576937975368 
6450000 0.1191270394089144 
6500000 0.11925471604825878 
6550000 0.11931955619153438 
6600000 0.11900676302329936 
6650000 0.1190225765691417 
6700000 0.11909873488211555 
6750000 0.11909468751519732 
6800000 0.1192998865976115 
6850000 0.1190003159069451 
6900000 0.11907367734917088 
6950000 0.11921617316441503 
7000000 0.11924907051777282 
7050000 0.11930945675202652 
7100000 0.11918195772878645 
7150000 0.11905073700476139 
7200000 0.11897840004504286 
7250000 0.11908169512232095 
7300000 0.119076073961364 
7350000 0.11876302205061433 
7400000 0.11912098047348241 
7450000 0.11896149957544694 
7500000 0.11912259530101543 
7550000 0.11922198680867825 
7600000 0.1190856282298884 
7650000 0.11890706361828271 
7700000 0.11915874003272012 
7750000 0.11908078643647947 
7800000 0.11923392737242898 
7850000 0.1191753365810051 
7900000 0.11923137778517587 
7950000 0.11914503132174464 
8000000 0.11906626674822289 
8050000 0.11935053495373409 
8100000 0.11899124240095339 
8150000 0.11896874283688597 
