0 0.14377862646576017 
2320 0.14377862646576017 
50000 0.14377862646576017 
100000 0.14377862646576017 
150000 0.14377862646576017 
200000 0.14377862646576017 
250000 0.14377862646576017 
300000 0.14377862646576017 
350000 0.14377862646576017 
400000 0.14377862646576017 
450000 0.14377862646576017 
500000 0.14377862646576017 
550000 0.14377862646576017 
600000 0.14377862646576017 
650000 0.14377862646576017 
700000 0.14377862646576017 
750000 0.14377862646576017 
800000 0.14377862646576017 
850000 0.14377862646576017 
900000 0.14377862646576017 
950000 0.14377862646576017 
1000000 0.14377862646576017 
1050000 0.14377862646576017 
1100000 0.14377862646576017 
1150000 0.14377862646576017 
1200000 0.11915962305380083 
1250000 0.11870525623892415 
1300000 0.1190439561022305 
1350000 0.11887573578977695 
1400000 0.11883577903911359 
1450000 0.11893359098692494 
1500000 0.11897394002805856 
1550000 0.11904139580925079 
1600000 0.1188833414433879 
1650000 0.11898996144351645 
1700000 0.11904632074170851 
1750000 0.11888752689366369 
1800000 0.11882154593623633 
1850000 0.11899386770726034 
1900000 0.11879356850129359 
1950000 0.11880682186873628 
2000000 0.11887658738334 
2050000 0.1188009411138599 
2100000 0.11898634300800896 
2150000 0.11877418635655815 
2200000 0.11907156071039182 
2250000 0.11911562696783168 
2300000 0.11919151975957382 
2350000 0.11916020623128842 
2400000 0.1191422963887847 
2450000 0.11903705215076768 
2500000 0.11890866346324458 
2550000 0.11890903546020447 
2600000 0.11907608112189365 
2650000 0.11915858675892874 
2700000 0.11922548885604987 
2750000 0.1191679092885506 
2800000 0.11893518816310719 
2850000 0.11893533008119252 
2900000 0.11888583540955175 
2950000 0.11919307031284074 
3000000 0.11894858006715736 
3050000 0.11892413447923289 
3100000 0.11906877927654484 
3150000 0.11880339852064879 
3200000 0.11894413711117797 
3250000 0.11907222469116022 
3300000 0.11912674754006278 
3350000 0.11892438668723035 
3400000 0.11896332297836994 
3450000 0.11906556540178208 
3500000 0.11913028479612647 
3550000 0.11897201547299767 
3600000 0.11905609820920868 
3650000 0.11902086089111326 
3700000 0.11930677892412633 
3750000 0.11931056355237345 
3800000 0.1191987409690078 
3850000 0.11917590654318617 
3900000 0.11929374826781547 
3950000 0.11916285723635607 
4000000 0.11919059497954357 
4050000 0.11922062730849967 
4100000 0.11897330883240279 
4150000 0.1189545954652168 
4200000 0.11925398041887303 
4250000 0.11906616304403057 
4300000 0.11920380520243114 
4350000 0.11901753721015665 
4400000 0.11916479464845157 
4450000 0.11894262936036655 
4500000 0.11920253357548362 
4550000 0.11908741997247549 
4600000 0.11882465957749261 
4650000 0.1189210901897043 
4700000 0.11897314484266698 
4750000 0.1192835271526014 
4800000 0.11892100525441053 
4850000 0.1190307656146815 
4900000 0.1190746326866566 
4950000 0.1188038232903679 
5000000 0.11900696700547074 
5050000 0.11881733977144977 
5100000 0.11924164491801623 
5150000 0.11897951689612739 
