1 0.01666670000000003 0.0 0.0 0.0 0.0 0.0 0.0 0.0 0.0
2 0.05000000000000049 0.0 0.0 0.0 0.0 0.0 0.0 0.0 0.0
3 0.08333329999999965 0.0 0.0 0.0 0.0 0.0 0.0 0.0 0.0
4 0.11666700000000027 0.0 0.0 0.0 0.0 0.0 0.0 0.0 0.0
5 0.1500000000000009 0.0 0.0 0.0 0.0 0.0 0.0 0.0 0.0
6 0.18333300000000133 0.0 0.0 0.0 0.0 0.0 0.0 0.0 0.0
7 0.21666700000000086 0.0 0.0 0.0 0.0 0.0 0.0 0.0 0.0
8 0.25 0.0 0.0 0.0 0.0 0.0 0.0 0.0 0.0
9 0.2833329999999991 0.0 0.0 0.0 0.0 0.0 0.0 0.0 0.0
10 0.3166669999999973 0.0 0.0 0.0 0.0 0.0 0.0 0.0 0.0
11 0.34999999999999637 0.0 0.0 0.0 0.0 0.0 0.0 0.0 0.0
12 0.38333299999999526 0.0 0.0 0.0 0.0 0.0 0.0 0.0 0.0
13 0.4166669999999956 0.0 0.0 0.0 0.0 0.0 0.0 0.0 0.0
14 0.44999999999999496 0.0 0.0 0.0 0.0 0.0 0.0 0.0 0.0
15 0.48333299999999707 0.0 0.0 0.0 0.0 0.0 0.0 0.0 0.0
16 0.5166670000000018 0.0 0.0 0.0 0.0 0.0 0.0 0.0 0.0
17 0.5500000000000062 0.0 0.0 0.0 0.0 0.0 0.0 0.0 0.0
18 0.5833329999999984 0.0 0.0 0.0 0.0 0.0 0.0 0.0 0.0
19 0.6166670000000055 0.0 0.0 0.0 0.0 0.0 0.0 0.0 0.0
20 0.6499999999999948 0.0 0.0 0.0 0.0 0.0 0.0 0.0 0.0
21 0.6833330000000036 0.0 0.0 0.0 0.0 0.0 0.0 0.0 0.0
22 0.7166669999999895 0.0 0.0 0.0 0.0 0.0 0.0 0.0 0.0
23 0.75 0.0 0.0 0.0 0.0 0.0 0.0 0.0 0.0
24 0.7833330000000119 0.0 0.0 0.0 0.0 0.0 0.0 0.0 0.0
25 0.8166669999999961 0.0 0.0 0.0 0.0 0.0 0.0 0.0 0.0
26 0.8500000000000093 0.0 0.0 0.0 0.0 0.0 0.0 0.0 0.0
27 0.8833329999999943 0.0 0.0 0.0 0.0 0.0 0.0 0.0 0.0
28 0.9166670000000037 0.0 0.0 0.0 0.0 0.0 0.0 0.0 0.0
29 0.9499999999999975 0.0 0.0 0.0 0.0 0.0 0.0 0.0 0.0
30 0.9833330000000067 0.0 0.0 0.0 0.0 0.0 0.0 0.0 0.0
31 1.0166699999999878 0.0 0.0 0.0 0.0 0.0 0.0 0.0 0.0
32 1.0499999999999978 0.0 0.0 0.0 0.0 0.0 0.0 0.0 0.0
33 1.083330000000004 0.0 0.0 0.0 0.0 0.0 0.0 0.0 0.0
34 1.1166699999999994 0.0 0.0 0.0 0.0 0.0 0.0 0.0 0.0
35 1.1499999999999873 0.0 0.0 0.0 0.0 0.0 0.0 0.0 0.0
36 1.1833299999999938 0.0 0.0 0.0 0.0 0.0 0.0 0.0 0.0
37 1.2166700000000124 0.0 0.0 0.0 0.0 0.0 0.0 0.0 0.0
38 1.25 0.0 0.0 0.0 0.0 0.0 0.0 0.0 0.0
39 1.283329999999987 0.0 0.0 0.0 0.0 0.0 0.0 0.0 0.0
40 1.31667000000001 0.0 0.0 0.0 0.0 0.0 0.0 0.0 0.0
41 1.3500000000000143 0.0 0.0 0.0 0.0 0.0 0.0 0.0 0.0
42 1.3833300000000006 0.0 0.0 0.0 0.0 0.0 0.0 0.0 0.0
43 1.416669999999986 0.0 0.0 0.0 0.0 0.0 0.0 0.0 0.0
44 1.450000000000014 0.0 0.0 0.0 0.0 0.0 0.0 0.0 0.0
45 1.4833300000000158 0.0 0.0 0.0 0.0 0.0 0.0 0.0 0.0
46 1.516669999999984 0.0 0.0 0.0 0.0 0.0 0.0 0.0 0.0
47 1.5499999999999838 0.0 0.0 0.0 0.0 0.0 0.0 0.0 0.0
48 1.5833300000000172 0.0 0.0 0.0 0.0 0.0 0.0 0.0 0.0
49 1.6166699999999994 0.0 0.0 0.0 0.0 0.0 0.0 0.0 0.0
50 1.6499999999999844 0.0 0.0 0.0 0.0 0.0 0.0 0.0 0.0
51 1.6833299999999825 0.0 0.0 0.0 0.0 0.0 0.0 0.0 0.0
52 1.716670000000015 0.0 0.0 0.0 0.0 0.0 0.0 0.0 0.0
53 1.75 0.0 0.0 0.0 0.0 0.0 0.0 0.0 0.0
54 1.7833299999999845 0.0 0.0 0.0 0.0 0.0 0.0 0.0 0.0
55 1.8166700000000129 0.0 0.0 0.0 0.0 2.1921333333333336e-06 8.2672e-08 0.0 0.0
56 1.8500000000000076 0.0 0.0 0.0 0.0 1.0554716666666667e-05 4.96032e-07 0.0 0.0
57 1.88332999999999 0.0 0.0 0.0 0.0 9.369093333333331e-05 4.298943666666667e-06 0.0 0.0
58 1.91666999999999 0.0 0.0 0.0 0.0 0.00037760283333333343 2.017196816666661e-05 0.0 0.0
59 1.950000000000022 0.0 0.0 0.0 0.0 0.0012921727000000007 7.638896833333343e-05 0.0 0.0
60 1.9833300000000176 0.0 0.0 0.0 0.0 0.0032325356833333286 0.0002218916558333328 2.940298333333333e-05 6.613753333333333e-07
61 2.016669999999982 0.0 0.0 0.0 0.0 0.007664426416666661 0.0005785383416666665 0.014866884399999985 0.00034656081916666613
62 2.0499999999999767 0.0 0.0 0.0 0.0 0.015569524399999988 0.0013272161983333241 0.03834066083333334 0.001268354001666657
63 2.0833300000000037 0.0 0.0 0.0 0.0 0.028504116333333347 0.00274280768333333 0.012771490316666663 0.001585481333333319
64 2.1166700000000214 0.0 0.0 0.0 0.0 0.04834745216666666 0.005221312733333339 0.00021932263333333327 0.0015911030499999855
65 2.150000000000006 0.0 0.0 0.0 0.0 0.07654130300000005 0.009269676616666656 0.019901161716666657 0.002117394116666671
66 2.1833300000000007 1.5176133333333332e-06 4.1336e-08 0.0 0.0 0.1127729173333333 0.015420801666666657 0.06025973266666663 0.0037607466333333256
67 2.2166700000000166 2.9374783333333336e-06 1.24008e-07 0.0 0.0 0.15837647499999996 0.024325149333333303 0.05288392549999999 0.005247354750000003
68 2.25 3.138229999999999e-05 1.0333999999999997e-06 0.0 0.0 0.21219014666666655 0.036616485666666726 0.07777918699999996 0.00750000041666666
69 2.2833299999999834 9.426339999999995e-05 3.844247999999998e-06 0.0 0.0 0.27504092833333343 0.053024057666666756 0.11294366533333322 0.010868719433333344
70 2.316669999999995 0.0004025167849999999 1.620371150000001e-05 0.0 0.0 0.3459382466666668 0.07426794066666662 0.11761646133333344 0.01447998333333334
71 2.3499999999999868 0.0012625054183333338 5.609294616666671e-05 0.0 0.0 0.42214129333333306 0.10094269733333334 0.10882283616666664 0.017918148666666675
72 2.3833299999999684 0.0030743222349999995 0.0001560020739999995 6.87355e-05 1.24008e-07 0.5023237066666669 0.1335911250000001 0.09270635516666675 0.02093071383333334
73 2.416670000000006 0.007078534950000001 0.0003925264704999991 0.0005119133333333334 1.0747359999999998e-06 0.5869226300000002 0.17281243666666668 0.05745401283333333 0.02285037450000003
74 2.450000000000027 0.013538714516666666 0.0008574737616666683 0.003488749666666666 7.729831999999984e-06 0.6728748849999998 0.21902645833333342 0.056046166666666605 0.02477497533333335
75 2.4833300000000187 0.02337636783333333 0.0016822503333333342 0.015941690999999994 3.897984183333343e-05 0.7590042666666664 0.2725840716666666 0.04236136233333331 0.026269528166666643
76 2.516669999999981 0.037593064833333356 0.0030444778333333254 0.05521301100000001 0.0001501323489999996 0.8453253749999999 0.3338448233333336 0.015953367833333343 0.026847534666666673
77 2.5499999999999723 0.055933995166666674 0.005125330549999994 0.15625918666666663 0.0004730902999999993 0.9273127266666656 0.40283903833333307 0.004511251766666666 0.027015348166666626
78 2.5833299999999904 0.07876657499999996 0.008132729716666665 0.3431159016666668 0.001200893136666664 1.0094743000000004 0.47992286999999995 0.00323084095 0.027138696333333212
79 2.616670000000039 0.10519771066666667 0.01225363916666666 0.652551603333334 0.002621031816666668 1.0837599499999997 0.5648281316666667 0.0070747028999999986 0.0274158513333333
80 2.650000000000022 0.13555219666666646 0.017699736166666667 1.0746776500000002 0.005019799983333333 1.156849633333334 0.6577835700000004 0.02991643291666666 0.028617713166666624
81 2.6833300000000135 0.16699660833333344 0.024579035500000006 1.5550227833333325 0.008578538283333333 1.2240079666666681 0.7586248399999999 0.19478192833333327 0.03664120266666665
82 2.716670000000018 0.2001011383333333 0.03302814916666663 2.061444116666668 0.013414228999999986 1.287361099999999 0.8673369950000007 0.9347118666666662 0.07610615083333334
83 2.75 0.23242002999999983 0.04308415983333331 2.5365955499999986 0.019511408000000004 1.3446934 0.9836943066666665 2.703271733333334 0.1930611699999999
84 2.783329999999982 0.2654431383333332 0.05484908300000002 2.928546100000001 0.02672242800000003 1.3961743666666668 1.107452833333332 4.775828616666672 0.4047228966666666
85 2.816669999999984 0.29748520000000006 0.0683518521666667 3.1896096999999966 0.034765499333333325 1.4432340999999986 1.2384651000000015 5.529602099999995 0.6556962633333324
86 2.849999999999973 0.3271058616666664 0.08355253633333336 3.3634417499999993 0.043448825666666725 1.4845177666666667 1.376433816666667 4.7904189000000015 0.8782963066666658
87 2.883329999999954 0.35564076166666636 0.10046816066666661 3.424493166666667 0.05249776666666662 1.5221934666666668 1.5212322833333345 3.564291783333334 1.0478183833333328
88 2.9166700000000167 0.38213794500000037 0.11906679333333343 3.3850854333333324 0.061650587666666645 1.553512483333332 1.6724467833333347 2.6120879833333364 1.1749413166666676
89 2.95000000000003 0.40497575499999994 0.13922998166666697 3.302998416666667 0.07078678800000004 1.5813360499999998 1.8299072499999993 2.1578521333333316 1.282372050000001
90 2.9833300000000196 0.4292714366666662 0.1610885116666664 3.1552801333333305 0.07971275783333347 1.602164666666664 1.9930673833333337 1.9190556833333328 1.380084999999999
91 3.0166699999999804 0.44999361666666665 0.18451710500000018 2.9809552999999998 0.08833502783333334 1.6242460666666674 2.1621935333333338 1.6247148500000006 1.4646703833333328
92 3.0499999999999696 0.46939147833333333 0.2094986683333332 2.8065710166666666 0.09663326816666676 1.6382439500000006 2.3365676333333356 1.2650287333333314 1.5319933166666655
93 3.0833299999999806 0.4871125083333333 0.23599314833333349 2.616241166666667 0.10453878000000007 1.6529157833333348 2.5163701499999975 0.9343732299999994 1.58281195
94 3.1166700000000507 0.5038903233333336 0.2639959500000004 2.4311055499999976 0.11204451499999996 1.6626711666666674 2.701165300000002 0.6801418266666672 1.6206073166666672
95 3.1500000000000328 0.5181079783333332 0.29340809833333326 2.268736300000003 0.11919965500000008 1.6693185499999987 2.8906892666666653 0.4991477666666668 1.6489417499999997
96 3.1833300000000224 0.5329447166666667 0.32430622166666656 2.093147683333333 0.1259414633333332 1.6753666999999997 3.0849466666666636 0.37592276666666696 1.6707354333333349
97 3.216670000000018 0.5447908350000004 0.3565559733333331 1.9521551833333346 0.13236146666666682 1.6763124166666683 3.283405566666665 0.2988462016666666 1.6884248500000005
98 3.25 0.5562730683333338 0.39017145333333314 1.8206582833333331 0.13847378833333343 1.6742084666666655 3.4857445833333336 0.251193855 1.703603816666665
99 3.2833299999999817 0.5665670716666671 0.42511495333333327 1.705249083333333 0.14431671666666654 1.6728596999999992 3.6920889333333338 0.22707004333333325 1.7176077666666671
100 3.316669999999976 0.5750908466666665 0.4613079483333334 1.6022199000000006 0.14991864500000013 1.6643112333333334 3.9015680833333364 0.22093950166666668 1.7315118333333321
101 3.3499999999999637 0.5852428049999999 0.49888392000000065 1.5082425499999992 0.15529847500000002 1.6530783499999997 4.113836716666671 0.22308399833333326 1.7458342666666662
102 3.3833299999999444 0.5925594900000002 0.5376905250000001 1.4221286166666653 0.16047263666666647 1.6382761666666672 4.328411883333334 0.24551818000000017 1.761912483333332
103 3.4166700000000234 0.6004903083333324 0.5777953233333339 1.3553369500000003 0.16550146833333323 1.6190264166666668 4.544664816666669 0.28047273500000025 1.7806433833333328
104 3.4500000000000295 0.6078832783333329 0.6191897800000001 1.2974758083333329 0.17040989000000015 1.5975960999999999 4.762239383333328 0.33329427500000025 1.8033381166666667
105 3.4833300000000196 0.6143843166666659 0.6618393300000007 1.2392119383333327 0.1751890149999999 1.574089900000001 4.980775066666667 0.40176393333333354 1.8312265666666674
106 3.5166699999999804 0.6192002233333335 0.7056497949999994 1.2034815149999996 0.17991954000000004 1.5450817166666675 5.1994083000000035 0.5038654100000006 1.866874766666667
107 3.5499999999999763 0.6237525949999999 0.75062298 1.1656616183333335 0.18458876166666702 1.519668416666668 5.418541149999998 0.6526136 1.9139267666666657
108 3.5833299999999744 0.6288248233333333 0.7968172500000005 1.1439155833333332 0.18925729166666638 1.4921817333333323 5.63777066666667 0.8794944999999994 1.978532249999999
109 3.616670000000047 0.6341462850000009 0.8442731750000008 1.1153614616666678 0.1938943499999998 1.467048616666666 5.8573359666666684 1.23994335 2.0713175333333336
110 3.6500000000000408 0.637301341666666 0.892848381666667 1.097327348333334 0.1985409200000001 1.4417950500000003 6.0771175999999985 1.8945091333333341 2.2157094833333315
111 3.683330000000012 0.6427183933333336 0.9427353533333335 1.0841320983333336 0.20321584833333367 1.4178489833333339 6.297214383333335 2.9271390166666653 2.442897949999999
112 3.7166700000000006 0.6468780066666666 0.9938579900000007 1.0814830233333346 0.20796414333333307 1.3967665166666667 6.517980850000001 3.923532683333336 2.7529575333333383
113 3.75 0.6492744016666664 1.046094416666666 1.0720555 0.2127558666666665 1.3750917833333325 6.739237316666667 3.9973168833333315 3.0745392833333356
114 3.783330000000003 0.6526913016666669 1.0995435333333325 1.075214496666667 0.21764748166666667 1.357424466666668 6.961551366666666 2.9652303666666686 3.3173502166666666
115 3.816669999999994 0.6572016833333336 1.1543143166666656 1.0854924833333346 0.2226733416666668 1.3395002999999994 7.184812150000001 1.7544101833333337 3.4635547333333316
116 3.849999999999957 0.6618185500000008 1.2104378333333339 1.0906601766666655 0.22781161666666686 1.3243057499999995 7.409413366666666 1.0612648600000003 3.5535470000000022
117 3.8833299999999644 0.667025806666667 1.2679866166666671 1.1039825950000013 0.23310316999999997 1.3109027666666655 7.635607200000004 0.8276273066666668 3.6249479666666677
118 3.9166700000000296 0.6724116166666666 1.3270000666666673 1.123578378333334 0.23858147500000015 1.2958521 7.863059683333334 0.7523447499999998 3.690973516666667
119 3.950000000000003 0.6778254466666664 1.387505666666666 1.1397667066666661 0.24423368833333314 1.2853865666666673 8.092531966666668 0.7018118500000005 3.7536173166666678
120 3.9833300000000205 0.6837846033333336 1.4495779333333325 1.1619072050000006 0.25009339500000005 1.2722366666666671 8.323505250000004 0.6575997133333334 3.8133090833333374
121 4.016669999999979 0.6895884766666676 1.5132286166666669 1.191065366666668 0.25620106500000017 1.263630933333333 8.556772033333333 0.6401627549999998 3.8723944833333355
122 4.050000000000002 0.6969199050000005 1.578628433333332 1.2144710650000001 0.26253257666666674 1.2522083166666658 8.791783400000003 0.6502176799999999 3.9334086166666657
123 4.083329999999969 0.7033747650000013 1.6457248166666676 1.245000733333332 0.2691305000000001 1.2441617666666682 9.029143766666653 0.6843841983333324 3.9986899499999966
124 4.116670000000028 0.7102447550000001 1.7145873666666664 1.2731339166666669 0.27598819500000044 1.2364659500000006 9.26890281666667 0.7695563966666664 4.073299250000001
125 4.150000000000047 0.7173415916666668 1.7852687166666654 1.3050469333333323 0.28313203333333303 1.2250563000000003 9.51031186666667 0.9600916883333336 4.167894199999998
126 4.183329999999992 0.7243999750000005 1.8577968500000013 1.3402937333333322 0.2905871549999997 1.2174826499999991 9.754098116666665 1.3502120500000006 4.303072999999997
127 4.216669999999976 0.7321035516666663 1.932268899999999 1.3662977000000003 0.2983084916666669 1.208812766666666 10.000021450000002 1.97966933333333 4.504441766666667
128 4.25 0.7382176333333338 2.0085547666666694 1.396149883333335 0.306323796666667 1.2010262833333334 10.248234666666676 2.6174921500000012 4.774914200000006
129 4.283330000000027 0.7443055483333338 2.0866812499999994 1.4116287166666668 0.31455556999999973 1.1921708833333333 10.49850533333334 2.9166023999999964 5.081039800000003
130 4.316670000000013 0.7489050733333329 2.1665186666666663 1.4225601333333326 0.32298070833333353 1.183733466666667 10.750884000000012 2.7952883500000008 5.379017783333333
131 4.349999999999952 0.7537703633333335 2.2481206000000005 1.4152874000000004 0.33149272999999996 1.1756257166666668 11.005419666666661 2.4402038000000004 5.643176649999994
132 4.383329999999981 0.7577624216666674 2.33141695 1.3966990333333336 0.34002222000000015 1.1667585666666667 11.261921166666681 2.0442846499999985 5.867880316666676
133 4.416670000000034 0.7603534583333327 2.4162736999999974 1.3658541166666662 0.348490615 1.1583137833333348 11.520454999999998 1.675802833333332 6.054894083333328
134 4.449999999999982 0.763347931666666 2.5027558499999984 1.3280339333333324 0.3568493533333333 1.1502228666666656 11.781071333333347 1.3503204833333327 6.207867683333334
135 4.483330000000021 0.7657106700000001 2.5908096833333354 1.2850165666666662 0.36505895499999996 1.1437756166666668 12.04412583333335 1.1053963666666682 6.334977783333326
136 4.516669999999979 0.7665242416666658 2.6802730666666688 1.2389081166666658 0.37309204833333304 1.1348738333333315 12.30902866666667 0.9406092583333328 6.444753266666661
137 4.550000000000021 0.7686805949999994 2.7713171666666665 1.1910693499999996 0.38092940666666647 1.128326516666666 12.576299333333322 0.8527502883333338 6.545749149999999
138 4.5833299999999655 0.767997461666667 2.863617583333335 1.1439558350000005 0.38856742000000016 1.1209164000000003 12.845725999999997 0.8262905066666664 6.645050650000003
139 4.6166700000000125 0.7694892033333325 2.957447566666669 1.1014643983333328 0.39602905833333335 1.1135213999999996 13.117280333333342 0.8406441516666676 6.747551800000002
140 4.650000000000052 0.7693733183333329 3.052623200000003 1.0578721450000002 0.40329927333333304 1.1058775333333324 13.390879166666666 0.9013923550000008 6.859053233333337
141 4.683329999999976 0.7686339849999995 3.1490755999999998 1.0247966450000006 0.4104435383333337 1.100640433333335 13.66709833333333 0.9982966583333338 6.984318466666668
142 4.716669999999957 0.7689746966666665 3.2469488499999994 0.9997169399999998 0.41751251000000017 1.0929756833333344 13.945313333333331 1.1413956166666674 7.129585216666669
143 4.75 0.7685432683333324 3.3461550666666633 0.9738977883333323 0.42449659333333356 1.0887769333333341 14.22639350000001 1.3279760833333334 7.300995166666668
144 4.783330000000046 0.7682699616666662 3.446722350000001 0.948528336666666 0.4313945666666667 1.081787683333334 14.50959983333332 1.5399604500000001 7.502567299999997
145 4.816670000000028 0.7671734316666668 3.548550766666666 0.9302856533333335 0.4382544516666669 1.0764032333333342 14.795336833333337 1.7434561500000003 7.733967883333344
146 4.849999999999947 0.7672410133333332 3.6518024333333345 0.9159277216666658 0.4451023383333342 1.0706516 15.083497500000009 1.8776159999999986 7.9866350999999955
147 4.883329999999995 0.767728458333333 3.7565446000000007 0.909551775 0.45199631666666706 1.0650704166666665 15.374107166666677 1.889778333333334 8.244446850000005
148 4.916670000000037 0.7679169933333334 3.8627479333333365 0.9009406000000001 0.45891857500000055 1.06154565 15.667726333333343 1.7764709666666674 8.490120849999998
149 4.9499999999999655 0.7683333133333329 3.970454666666668 0.8981097383333329 0.465912936666667 1.058008366666667 15.964344499999994 1.6241650833333332 8.71778791666668
150 4.983330000000021 0.7684383383333331 4.079631599999998 0.8949344299999997 0.4729768116666666 1.0536927333333321 16.263747666666674 1.5238923833333335 8.934286466666657
151 5.016669999999979 0.7698488116666669 4.190477116666667 0.89235253 0.48011481166666586 1.0502706999999993 16.566184333333343 1.5406890833333333 9.15610885
152 5.050000000000037 0.7700968033333341 4.302836366666664 0.8926028916666657 0.48735000000000006 1.0460623166666658 16.871420666666666 1.6601681666666672 9.398320349999995
153 5.083329999999962 0.7710259483333336 4.416821383333332 0.8989614533333338 0.49473323166666744 1.0440716866666668 17.180118166666663 1.8259856333333335 9.66825153333332
154 5.116669999999999 0.7713605650000002 4.5323565166666695 0.9014678583333324 0.5022344599999997 1.0409612849999998 17.491939166666654 1.963837166666666 9.962380416666681
155 5.150000000000055 0.7730616683333336 4.6496594500000015 0.9078234516666664 0.5098873516666668 1.039271216666667 17.807326833333335 2.0056295 10.26669716666666
156 5.183329999999963 0.7737416433333336 4.768591016666663 0.9189350000000005 0.517734568333333 1.0378345666666666 18.12636849999999 1.8968345666666664 10.558246166666658
157 5.216669999999941 0.7769125483333338 4.889550416666671 0.9235633683333323 0.5257230150000001 1.0370651433333338 18.44928383333333 1.6699849000000002 10.818233500000016
158 5.25 0.7789945066666661 5.012389016666668 0.9293765683333324 0.5338648400000002 1.036663368333333 18.77621816666666 1.40504885 11.039784166666665
159 5.283330000000061 0.781342171666668 5.137167333333332 0.9388911616666669 0.5421946933333337 1.0366493033333324 19.10730933333333 1.1888031499999996 11.22962066666668
160 5.31667000000004 0.7825358183333347 5.263718199999995 0.947914283333333 0.5507110900000003 1.039056466666667 19.443368333333325 1.0442685749999998 11.398491499999984
161 5.349999999999943 0.7866986549999999 5.39254231666667 0.9556756399999998 0.5594052500000004 1.0404325333333337 19.784109500000017 0.9610374983333325 11.555854166666672
162 5.383330000000006 0.7882061533333332 5.523227083333332 0.966496988333333 0.5683077450000006 1.0430348833333347 20.129970833333342 0.9180872616666664 11.708067666666663
163 5.416670000000039 0.792523165 5.656259616666672 0.976242993333333 0.5774116549999987 1.044942766666667 20.480766666666657 0.891715056666667 11.857742000000004
164 5.449999999999952 0.79528538 5.791403733333327 0.9878290233333328 0.5867374316666657 1.0483502500000008 20.837054 0.8827144216666668 12.007734166666665
165 5.483330000000021 0.7989453916666668 5.928835833333337 0.9982331833333334 0.5962770833333333 1.0515619999999999 21.19881900000001 0.8871703533333323 12.160335999999992
166 5.516669999999979 0.8034576099999998 6.068729983333333 1.0071374850000008 0.6060191316666662 1.0549500000000007 21.566175333333337 0.9080069583333339 12.31842483333333
167 5.5500000000000504 0.806774818333333 6.21090348333333 1.0165953299999992 0.6159718983333339 1.0583858333333338 21.939192166666682 0.9534950033333335 12.486446833333344
168 5.583329999999959 0.8098682166666661 6.355342233333338 1.0228586716666674 0.6261065633333334 1.0618336333333334 22.31793716666668 1.0293815216666673 12.670027833333332
169 5.616669999999989 0.8137004333333324 6.5022024000000025 1.0374075366666669 0.6365085516666665 1.0663150999999984 22.702832499999968 1.1348860666666674 12.874843499999999
170 5.650000000000058 0.8181242233333332 6.651618483333333 1.0445379800000003 0.6471067216666676 1.068619666666667 23.093151999999982 1.2326159666666665 13.09994866666666
171 5.683329999999953 0.8216330066666666 6.803451199999998 1.0536027733333337 0.6579233449999995 1.0703795166666656 23.48874083333337 1.2837814666666654 13.337171500000004
172 5.716669999999928 0.8252658199999999 6.9577496833333345 1.0673402883333332 0.6690099749999999 1.075117283333334 23.890754000000033 1.2697570333333341 13.574560833333344
173 5.75 0.8289482183333335 7.114549683333333 1.0763019016666666 0.6803203583333336 1.0769779833333333 24.298175166666674 1.2043793166666688 13.802364166666667
174 5.783330000000074 0.8324983549999995 7.2738515833333395 1.0838349216666665 0.6918423649999992 1.0813747333333346 24.712014666666683 1.1203183999999988 14.016729333333336
175 5.816670000000051 0.8364122983333337 7.4357527 1.0938505116666661 0.7036052300000002 1.0840171833333336 25.131664 1.0456653133333345 14.219126
176 5.849999999999941 0.8407417166666675 7.600362950000002 1.1001829516666661 0.7155722666666662 1.086630166666667 25.55715833333331 0.9927864149999999 14.413497166666666
177 5.883330000000015 0.8437979033333329 7.7674588833333305 1.1079100066666656 0.7277610099999997 1.088922433333333 25.988420666666656 0.9714137733333329 14.605853499999993
178 5.9166700000000425 0.8474224866666664 7.937180166666673 1.117670046666666 0.7401969549999999 1.0913079000000006 26.425544000000016 0.9761732266666678 14.801351833333332
179 5.949999999999941 0.8509821466666665 8.109539916666675 1.1223797183333333 0.7528263083333334 1.0931679166666666 26.868356499999987 1.0050800283333325 15.004912333333344
180 5.983330000000021 0.854748198333333 8.284607916666662 1.1285571783333348 0.7656678983333336 1.0949296833333335 27.31686900000001 1.0571539083333334 15.221424499999985
181 6.016669999999979 0.8574445783333334 8.462190166666668 1.1328213433333312 0.7787020966666656 1.0973972333333344 27.771413333333378 1.1269918500000005 15.454818500000023
182 6.050000000000061 0.860033466666667 8.642287799999993 1.133155775 0.7918849199999998 1.097999849999999 28.231260666666646 1.2048279499999999 15.707107999999995
183 6.083329999999957 0.863949878333334 8.825204583333333 1.1379896799999996 0.8052702766666666 1.0993309 28.696751166666647 1.284365100000002 15.979020166666666
184 6.116669999999981 0.8659144733333327 9.010551466666685 1.1430234833333315 0.8188625483333343 1.0996058333333323 29.16747649999999 1.3389333166666662 16.265601499999992
185 6.150000000000062 0.8687755116666663 9.198543483333333 1.14116395 0.8325810650000008 1.1009368166666667 29.64392166666667 1.3461021000000004 16.556865000000005
186 6.183329999999943 0.8713156183333325 9.3891344 1.1444105833333338 0.8464881433333339 1.1013390500000007 30.12571983333334 1.3102410333333325 16.843449833333334
187 6.216669999999917 0.8734962999999996 9.5822681 1.1417600950000009 0.8605129816666671 1.10181545 30.612938500000013 1.2672123999999996 17.123623
188 6.25 0.8759468183333335 9.7780257 1.1424014383333332 0.874696634999999 1.102813300000002 31.105842000000035 1.2349879666666668 17.39960650000001
189 6.283330000000084 0.8782035916666663 9.976386883333335 1.1412268749999996 0.8890171983333336 1.1016561166666659 31.60349566666666 1.2381648333333333 17.67925816666667
190 6.316670000000059 0.8804361383333338 10.177369833333332 1.1430699316666666 0.9035134766666671 1.1027676833333342 32.10695000000002 1.2737224000000005 17.970000666666667
191 6.3499999999999375 0.8818418066666666 10.380799666666666 1.1368473666666672 0.9180833949999995 1.1019263833333333 32.61534316666666 1.3431107499999995 18.27982550000001
192 6.383330000000024 0.8841443099999999 10.586911333333347 1.1418639333333338 0.9328716899999989 1.101961516666667 33.129103166666646 1.4500321833333338 18.617837666666663
193 6.416670000000044 0.8861587149999999 10.795652833333335 1.1342978383333322 0.9477158133333329 1.1006206666666676 33.6476156666667 1.5892812000000012 18.992190833333332
194 6.449999999999931 0.8874134583333334 11.006866666666658 1.1313741533333328 0.9626759183333333 1.0995505333333353 34.17101416666666 1.747044633333332 19.40798600000002
195 6.483330000000021 0.8894349999999999 11.220759499999991 1.1308174033333336 0.9777836500000001 1.0984411500000002 34.69930883333335 1.8663816666666662 19.85679066666668
196 6.516669999999979 0.8915527416666663 11.437371500000003 1.1293768499999988 0.9930276433333334 1.0983609499999996 35.23300416666666 1.8932902833333336 20.31675600000001
197 6.550000000000071 0.8934994516666677 11.656680833333342 1.1279260200000014 1.0084080749999993 1.0966926166666662 35.77136033333336 1.7942385499999995 20.757131833333343
198 6.583329999999956 0.8940064750000009 11.878350833333336 1.1229112000000003 1.0238766666666668 1.0945104666666676 36.31412349999999 1.6044556000000012 21.15494383333333
199 6.616669999999973 0.8961174700000004 12.102805333333327 1.121177121666666 1.0394776666666659 1.0935692833333321 36.86192716666669 1.3922560833333326 21.503646000000003
200 6.650000000000063 0.8973030966666666 12.329827000000007 1.1190774083333326 1.0552071833333334 1.0916542000000005 37.41429566666664 1.21703475 21.81154466666667
201 6.683329999999936 0.8976720133333341 12.55922083333332 1.1182821833333338 1.0710833500000003 1.0909421999999984 37.97185200000002 1.098566716666667 22.092264666666672
202 6.716669999999908 0.8996744050000001 12.791427333333337 1.1150121999999993 1.0870715499999994 1.0888805833333322 38.53391866666666 1.0324318866666666 22.358721499999994
203 6.75 0.900779555 13.026232000000006 1.1104650849999993 1.1031527499999996 1.0867237666666651 39.10045416666672 0.9961357416666662 22.618367333333328
204 6.783330000000094 0.901391195 13.263521833333332 1.1127518766666669 1.1194267833333327 1.08471345 39.67154266666664 0.9794229633333331 22.87618833333333
205 6.816670000000067 0.9025763349999998 13.503466000000008 1.1087040833333335 1.1358013833333336 1.0830654499999985 40.24737416666665 0.9714094900000005 23.134416999999996
206 6.8499999999999375 0.902666616666667 13.745785166666664 1.1032149933333335 1.152254400000001 1.0814458166666663 40.82798666666668 0.9761387350000003 23.39644566666665
207 6.883330000000027 0.9036916266666657 13.990750333333326 1.1034283150000008 1.1688712999999993 1.079458666666666 41.4131866666667 0.9843627166666659 23.663262666666668
208 6.91667000000004 0.90455021 14.238325666666675 1.1022133499999998 1.1856311500000003 1.0773787833333335 42.00292750000003 0.9986020800000004 23.936566500000016
209 6.949999999999924 0.9047737299999998 14.488354499999987 1.1005861283333325 1.202527833333334 1.075246433333333 42.597191000000045 1.020673254999999 24.218611833333313
210 6.983330000000021 0.9056848399999997 14.741040833333342 1.0960951350000008 1.2195172166666663 1.0727204666666672 43.19575583333331 1.0530692799999994 24.512403833333327
211 7.016669999999979 0.9060987199999998 14.996263333333312 1.0943731883333325 1.2366426666666672 1.0707616500000006 43.79894683333335 1.0939026333333324 24.820509499999996
212 7.050000000000077 0.9071334600000001 15.254210333333333 1.0911727949999996 1.253880283333334 1.0688734500000001 44.40680666666662 1.141471566666666 25.145071833333326
213 7.083329999999971 0.9072984083333326 15.514649333333328 1.088266408333333 1.2712354666666672 1.0657417333333346 45.01863166666663 1.1856291833333337 25.485393
214 7.116669999999986 0.9080641616666663 15.777767999999993 1.0866652283333327 1.288727816666667 1.063812733333334 45.63510900000002 1.208228666666667 25.83546483333335
215 7.150000000000044 0.9088639499999993 16.043590333333327 1.0844068233333346 1.3063482833333346 1.0619697166666677 46.256299666666656 1.2071032333333334 26.188498000000006
216 7.18332999999993 0.9086797483333332 16.311843000000003 1.078425141666668 1.324034983333333 1.0599372499999995 46.88209416666662 1.1948129333333333 26.54120016666668
217 7.2166699999999 0.9089105449999998 16.58266116666665 1.0789127133333323 1.3418946833333334 1.0575113 47.51226783333334 1.1788838 26.89244050000001
218 7.25 0.9090856116666665 16.85603833333334 1.0729099716666668 1.359819083333333 1.0548507833333332 48.14667299999998 1.1700470166666654 27.244278833333322
219 7.283330000000101 0.910189933333333 17.132269166666664 1.070766386666667 1.377872583333333 1.0528263333333332 48.78569650000002 1.1640347666666666 27.59752700000001
220 7.316670000000072 0.9106746183333333 17.411182166666677 1.0697650349999992 1.3960748666666667 1.0512533666666664 49.42961816666668 1.1597526500000002 27.952709666666657
221 7.349999999999967 0.9110780933333338 17.692768666666666 1.062708166666666 1.4143221 1.0488737500000003 50.07795066666668 1.1518774500000015 28.3087025
222 7.383330000000001 0.9113449699999996 17.976999333333346 1.0608451199999993 1.4327030499999989 1.0464947333333332 50.730692999999974 1.1437507666666655 28.665395333333358
223 7.416670000000011 0.91241817 18.264135999999993 1.055947568333334 1.4511646166666647 1.0449184999999996 51.38835083333334 1.1355245166666659 29.022726666666678
224 7.449999999999917 0.912698558333333 18.553951666666666 1.0533825166666677 1.4697471500000006 1.0416681 52.04986866666664 1.12719145 29.3806335
225 7.483330000000022 0.913245016666666 18.846539 1.049686498333333 1.4884305666666673 1.0397952833333324 52.71611916666664 1.119532133333333 29.73929616666667
226 7.516669999999978 0.9138387583333337 19.14193300000001 1.0456451033333332 1.5072084999999984 1.0373774833333334 53.38675533333335 1.1066371333333338 30.09699333333335
227 7.550000000000085 0.9154811683333333 19.440490166666667 1.0395939816666662 1.5260434666666682 1.0357200666666673 54.062272833333346 1.093013983333334 30.4534256666667
228 7.5833299999999975 0.9160275833333329 19.741865166666674 1.037162326666667 1.5450006833333332 1.034478376666666 54.742951833333414 1.0751676833333346 30.807142499999966
229 7.61667000000001 0.9162354433333338 20.045968833333337 1.0317260666666674 1.5640247333333337 1.0323914500000002 55.428240833333255 1.055841135 31.157559999999993
230 7.650000000000018 0.9164562266666673 20.352811833333334 1.028907594999999 1.5831632499999995 1.030881033333334 56.11852833333333 1.0414967083333333 31.50625116666667
231 7.683329999999923 0.9177621349999998 20.662773333333327 1.0267102899999994 1.6024276999999991 1.0292914116666672 56.81377216666672 1.0303390733333329 31.85421616666667
232 7.716669999999895 0.9179713066666668 20.975501666666652 1.0185197300000004 1.6217043333333316 1.0277387866666674 57.51400499999998 1.0257191666666678 32.2036375
233 7.75 0.9190547900000011 21.29131366666666 1.0155375349999998 1.6410913333333321 1.0261643983333344 58.21921716666671 1.0310432100000022 32.5579115
234 7.783330000000107 0.9201775583333336 21.61023383333333 1.013009816666667 1.6605966333333335 1.0246992216666662 58.929497166666614 1.0458650366666666 32.920377333333334
235 7.816670000000078 0.9211950866666666 21.93225116666665 1.0081856899999992 1.680175599999999 1.023101429999999 59.64474916666672 1.0685810166666663 33.29389316666664
236 7.8499999999999925 0.9220438366666669 22.25731383333333 1.001136096666667 1.6997840833333333 1.021971313333334 60.36532466666667 1.0900551666666658 33.67816983333334
237 7.8833299999999795 0.9231519999999999 22.585539666666644 1.0003263900000003 1.7195434333333317 1.0215146816666667 61.09170416666672 1.0983384333333333 34.06866649999998
238 7.916669999999986 0.9238814933333312 22.916810666666656 0.996808763333333 1.7393998833333342 1.0195510800000007 61.82282966666674 1.08757095 34.45860949999999
239 7.9499999999999105 0.92469875 23.251171666666668 0.9932084233333333 1.7593516333333337 1.0192293233333338 62.55989750000007 1.058237783333333 34.84123716666667
240 7.983330000000022 0.9258726416666664 23.58876983333332 0.9903011033333331 1.7794124000000002 1.0176109566666658 63.30197833333335 1.0180775833333333 35.21243483333335
241 8.016669999999978 0.9266982466666661 23.929497333333355 0.988504024999999 1.799604050000002 1.0171543450000005 64.0499283333333 0.9823972183333336 35.573622999999955
242 8.050000000000091 0.928908731666667 24.273886333333373 0.9853352633333329 1.8198988 1.0164718916666668 64.80360749999993 0.9592664416666672 35.9292458333333
243 8.083330000000021 0.9299071016666662 24.621497666666677 0.9831873700000003 1.840317616666667 1.0161648183333327 65.56331383333327 0.9470065516666661 36.283240333333325
244 8.116669999999983 0.9305010033333324 24.9722138333333 0.9805627099999994 1.8608497999999993 1.0151998049999995 66.32857066666668 0.9445335066666659 36.63922416666664
245 8.149999999999993 0.9320223099999998 25.32639300000001 0.9783670249999998 1.8815047333333315 1.0146332633333333 67.09969400000004 0.9485067016666655 36.999648500000006
246 8.18332999999992 0.9330679083333342 25.683877333333314 0.9755307683333336 1.9022688999999988 1.0145701949999988 67.87708899999998 0.9565408266666674 37.36610466666672
247 8.216669999999889 0.9346335966666667 26.044879666666656 0.9761259950000001 1.9232147333333338 1.0140225283333335 68.6604078333333 0.9667781483333332 37.739507
248 8.25 0.9353653883333339 26.409105499999992 0.9746571683333345 1.9442995833333307 1.0129120266666654 69.44922849999998 0.9779221183333338 38.120287333333366
249 8.283330000000113 0.9368258766666661 26.776853166666665 0.9738929366666663 1.9655383500000005 1.0133083033333323 70.24475066666665 0.9922174733333329 38.509757833333325
250 8.316670000000082 0.9384027016666666 27.14819166666665 0.9725863816666677 1.9869196666666673 1.0133725350000007 71.0467391666667 1.0097123749999999 38.909293833333315
251 8.350000000000014 0.9395441283333341 27.522966666666694 0.9714318533333329 2.0084472000000027 1.0138166883333348 71.85552083333332 1.030061985 39.320157666666624
252 8.383330000000006 0.9407519666666656 27.901227666666667 0.969854738333333 2.030111583333333 1.01276772 72.66993066666664 1.0581395000000002 39.74559216666667
253 8.416669999999963 0.9419533866666664 28.282984833333376 0.9698978066666668 2.051949866666665 1.0133822066666658 73.491333 1.0880995333333336 40.18656183333339
254 8.449999999999905 0.9431774966666667 28.66827533333337 0.9684424983333336 2.073928116666668 1.0130599116666652 74.31898316666667 1.1235133833333328 40.64549533333337
255 8.483330000000022 0.9444466066666674 29.057135166666647 0.9685227066666666 2.096082166666666 1.0129269683333326 75.15306816666667 1.154017983333332 41.12061666666669
256 8.516669999999978 0.9460285250000006 29.449710666666657 0.9665279466666675 2.118364316666665 1.013218993333333 75.99396449999992 1.1754040666666654 41.608352833333306
257 8.550000000000095 0.9476212033333328 29.846031500000013 0.9681594666666661 2.140859533333337 1.0136046883333327 76.84177799999998 1.1828868833333328 42.103043166666694
258 8.583330000000043 0.949159530000001 30.24609833333335 0.9672221550000012 2.163508433333335 1.0131058750000002 77.69579383333333 1.1805452833333339 42.600613833333355
259 8.616670000000003 0.9503733433333346 30.64979250000003 0.9699003483333338 2.186396849999999 1.0129603466666652 78.5563336666666 1.1722595833333342 43.09853666666666
260 8.649999999999974 0.9525560116666676 31.05755049999999 0.9710166983333344 2.209488949999997 1.0132969366666669 79.42383233333332 1.1623690333333334 43.5960841666667
261 8.683329999999915 0.9536400233333326 31.468924000000026 0.9720533900000008 2.232784433333334 1.0139034383333339 80.29855583333338 1.153121850000001 44.09348599999999
262 8.716669999999882 0.9551082349999998 31.884102499999983 0.9720392633333332 2.2562586333333323 1.0130465449999995 81.17925833333334 1.1456316166666658 44.59145383333334
263 8.75 0.9561248766666663 32.30290900000004 0.9728234366666664 2.2799322166666642 1.013036945 82.06670416666665 1.1390647500000002 45.090365833333344
264 8.783330000000118 0.9572772466666675 32.725418333333344 0.9730460483333327 2.3037916666666676 1.0136163816666672 82.96143533333333 1.1309924500000015 45.589526666666664
265 8.816670000000087 0.9599635450000013 33.15233633333328 0.9763667633333337 2.327914316666668 1.01322316 83.86262216666664 1.121610283333333 46.08830566666668
266 8.850000000000033 0.9608649716666665 33.58289016666669 0.9764048850000012 2.352221116666666 1.0125431500000004 84.7700236666667 1.1070735500000002 46.58434999999998
267 8.883329999999987 0.9629246650000003 34.017627999999995 0.9766654283333336 2.3767174166666694 1.012855050000001 85.68455499999996 1.0883349166666667 47.07568033333338
268 8.916669999999945 0.96419058 34.456206499999986 0.9750362150000003 2.4013570499999997 1.0128002666666658 86.60591466666662 1.0650662166666678 47.56012300000005
269 8.9499999999999 0.9655970783333339 34.89871766666663 0.9807850583333334 2.4263276666666673 1.0125017266666676 87.53389750000002 1.0380907966666675 48.035830833333364
270 8.983330000000022 0.9675992566666668 35.34545383333332 0.9799035249999996 2.4514617333333333 1.012542890000001 88.46885000000006 1.0128528099999996 48.50343499999997
271 9.016669999999978 0.9686683366666667 35.79600733333333 0.9789683483333327 2.476758933333333 1.0117493366666659 89.41000966666661 0.9927022550000008 48.96514383333333
272 9.0500000000001 0.970531141666666 36.250770833333334 0.9824181516666681 2.5023330666666657 1.011384571666668 90.3578026666665 0.9792839216666666 49.42398633333333
273 9.083330000000062 0.9719819199999992 36.70957799999999 0.9809999700000003 2.5280585833333324 1.0116651399999996 91.31285383333334 0.9707207200000011 49.88217700000003
274 9.11667000000002 0.9738796316666674 37.172661499999975 0.985909525 2.554103283333336 1.0109074033333336 92.27420866666674 0.9691588850000001 50.34299016666667
275 9.149999999999956 0.9750308766666679 37.6396888333333 0.9865441066666667 2.5803557166666655 1.011678501666667 93.24334333333333 0.9729028033333335 50.808972999999995
276 9.18332999999991 0.976740138333333 38.11094833333329 0.9861147383333329 2.606788000000001 1.0115352833333344 94.21941116666666 0.9802297200000015 51.28189149999998
277 9.216669999999878 0.9774882399999993 38.585996000000016 0.9852577866666657 2.6333894500000006 1.0112873416666663 95.20234133333324 0.9916603133333329 51.763809666666724
278 9.25 0.9797142316666665 39.065578833333326 0.9880002533333322 2.6602583166666696 1.010833193333334 96.19194733333342 1.0041357116666672 52.25532150000001
279 9.283330000000124 0.9810657299999999 39.54928966666667 0.9880028216666669 2.6873211333333313 1.0114947066666666 97.18935349999997 1.0169121800000005 52.756679333333416
280 9.31667000000009 0.9822384433333332 40.037067000000036 0.9892141933333324 2.714611949999998 1.0120566149999997 98.19448999999985 1.0260142299999992 53.266167666666654
281 9.350000000000051 0.9834341149999998 40.528933999999964 0.9875896999999992 2.742053633333335 1.012229061666666 99.20700616666659 1.0280221449999998 53.7803108333333
282 9.383329999999969 0.9844552433333323 41.02482766666661 0.9896757916666663 2.769749466666669 1.0119463499999992 100.2264663333333 1.0237194483333316 54.29596183333336
283 9.416669999999927 0.9863953966666673 41.52524133333332 0.987136570000003 2.797571116666667 1.0124150300000008 101.25365833333332 1.0094859466666666 54.808059166666666
284 9.449999999999896 0.9870810083333339 42.02955183333334 0.990643185000001 2.825689533333332 1.0125792500000002 102.28831500000003 0.992706351666667 55.31521766666671
285 9.483330000000022 0.9890129350000001 42.53841866666664 0.9880089683333332 2.8539310333333323 1.012616838333334 103.33030833333339 0.9738472516666673 55.8162555
286 9.516669999999978 0.9901625566666666 43.05146299999999 0.987609161666666 2.882360099999999 1.0132603083333347 104.38032000000008 0.9579981249999994 56.31261183333332
287 9.550000000000104 0.9904460999999998 43.56825766666665 0.9895461066666666 2.9110448000000004 1.0133087866666664 105.43772333333324 0.9459255416666669 56.80615099999996
288 9.58333000000008 0.9918763433333326 44.089418666666674 0.9855543083333335 2.9398137000000006 1.0131594116666667 106.50239500000006 0.9391815116666661 57.29959900000001
289 9.616670000000038 0.9931634249999989 44.61488933333332 0.9859867716666667 2.968795483333332 1.0127778266666656 107.57405166666659 0.9374920216666666 57.79559383333332
290 9.64999999999994 0.9938819200000006 45.144399666666686 0.9873977899999983 2.998020616666667 1.0137243783333316 108.65420166666664 0.9367458733333338 58.29463466666665
291 9.683329999999907 0.9946948366666656 45.67800133333332 0.9867682916666672 3.0274289333333333 1.0138435383333322 109.74190499999995 0.9390039016666663 58.79833783333331
292 9.716669999999873 0.9952421983333333 46.21558266666668 0.9833838499999991 3.0569385833333347 1.013385049999999 110.83665166666661 0.9423293150000003 59.30731466666668
293 9.75 0.9965160483333327 46.75754999999997 0.9830444999999995 3.086641000000001 1.0140500100000003 111.93964666666675 0.9447145316666666 59.821083333333284
294 9.783330000000127 0.9974894616666657 47.303763500000024 0.9818744966666685 3.116511116666667 1.0144271349999996 113.05058333333336 0.9502788566666663 60.34142033333341
295 9.816670000000094 0.9980309050000011 47.85400449999998 0.9809014233333341 3.1465555666666685 1.0144405449999998 114.16913166666659 0.9545288199999998 60.86764849999998
296 9.850000000000069 0.9986780683333334 48.40835033333333 0.9799119383333336 3.176773483333331 1.0147764833333333 115.29566499999996 0.9594625833333337 61.40019816666665
297 9.883329999999955 0.9990034433333331 48.96662933333332 0.9771842316666666 3.207111633333332 1.0137250283333337 116.42868666666679 0.9642832049999993 61.939050500000036
298 9.916669999999911 1.0001954450000003 49.529356166666695 0.9780136833333332 3.237681033333336 1.0146280333333335 117.57031833333312 0.9680435233333331 62.483662333333314
299 9.949999999999893 1.0008323466666673 50.09623166666665 0.9762381616666683 3.2684003666666674 1.0144830316666678 118.7195033333333 0.9727563300000003 63.0346066666667
300 9.983330000000022 1.0008218550000008 50.66690466666666 0.9763549883333322 3.299329449999999 1.014409335000001 119.87631166666667 0.9738931950000012 63.58989983333336
