5200000 0.11899626987377612 
5250000 0.11923807207136267 
5300000 0.11928018518169768 
5350000 0.11938865798958519 
5400000 0.11897330973752511 
5450000 0.11918028476174525 
5500000 0.11910813309389909 
5550000 0.1191532620531078 
5600000 0.11924872175807397 
5650000 0.11911681877127084 
5700000 0.11924381842104374 
5750000 0.11934667640668914 
5800000 0.11895551194483257 
5850000 0.11916620156621308 
5900000 0.11928313129108885 
5950000 0.1190265760765424 
6000000 0.11903261529302432 
6050000 0.11892933157588353 
6100000 0.1189442151836101 
6150000 0.11930676246986074 
6200000 0.11889292678283626 
6250000 0.1192705702141571 
6300000 0.1190526408767633 
6350000 0.11925019896975199 
6400000 0.11907943760433227 
6450000 0.11905616906734882 
6500000 0.11917021585765966 
6550000 0.11908387751246852 
6600000 0.11931506476815654 
6650000 0.1195301234706914 
6700000 0.11924083092025882 
6750000 0.11908190918342253 
6800000 0.11914926386145748 
6850000 0.11935646753468661 
6900000 0.11944331188694154 
6950000 0.11916198533429162 
7000000 0.11946369412073327 
7050000 0.11934939381219706 
7100000 0.11931146629711822 
7150000 0.11919067569298283 
7200000 0.11924365330417588 
7250000 0.11908250343157074 
7300000 0.1190387711670814 
7350000 0.11927446438356255 
7400000 0.11916886671589096 
7450000 0.1191066307413762 
7500000 0.11909988386477395 
7550000 0.1192130590380345 
7600000 0.11890799070576626 
7650000 0.11926998148401731 
7700000 0.11907447964767826 
7750000 0.11917677986749214 
7800000 0.11906168633774213 
7850000 0.11924394691672069 
7900000 0.11883345552412254 
7950000 0.1190189345184273 
8000000 0.11934997802268607 
8050000 0.11894594300351642 
8100000 0.1191015444525377 
8150000 0.11894355883478881 
