0 0.14377862646576017 
2320 0.14377862646576017 
50000 0.14377862646576017 
100000 0.14377862646576017 
150000 0.14377862646576017 
200000 0.14377862646576017 
250000 0.14377862646576017 
300000 0.14377862646576017 
350000 0.14377862646576017 
400000 0.14377862646576017 
450000 0.14377862646576017 
500000 0.14377862646576017 
550000 0.14377862646576017 
600000 0.14377862646576017 
650000 0.14377862646576017 
700000 0.14377862646576017 
750000 0.14377862646576017 
800000 0.14377862646576017 
850000 0.14377862646576017 
900000 0.14377862646576017 
950000 0.14377862646576017 
1000000 0.14377862646576017 
1050000 0.14377862646576017 
1100000 0.14377862646576017 
1150000 0.14377862646576017 
1200000 0.11903225006163111 
1250000 0.11874429328112808 
1300000 0.11845358620161305 
1350000 0.11883775770450937 
1400000 0.11912839481225072 
1450000 0.11891005157308285 
1500000 0.11910919022661598 
1550000 0.11904753432793147 
1600000 0.11878183262525992 
1650000 0.11882259601498356 
1700000 0.11870170107025241 
1750000 0.11928940108561618 
1800000 0.11895116532043692 
1850000 0.11914756186536961 
1900000 0.11883043710783858 
1950000 0.1189297337632524 
2000000 0.11883814757138919 
2050000 0.11897002053386166 
2100000 0.1190543319325134 
2150000 0.11890587028426457 
2200000 0.11899870548270182 
2250000 0.11910990976207228 
2300000 0.11928245183079185 
2350000 0.11895455888024056 
2400000 0.11899370965420848 
2450000 0.11899323337508554 
2500000 0.11880075277274173 
2550000 0.11893122547989028 
2600000 0.11893743631736935 
2650000 0.11900676882896176 
2700000 0.11929369975969069 
2750000 0.11908865125922691 
2800000 0.1190940426458974 
2850000 0.1192825215922199 
2900000 0.11926530576860114 
2950000 0.11901815695021072 
3000000 0.11895438381797815 
3050000 0.11937740223444021 
3100000 0.11916095727617486 
3150000 0.1189291455573387 
3200000 0.11888403386491288 
3250000 0.11906919645232604 
3300000 0.11917456406865705 
3350000 0.11908691715352965 
3400000 0.11888209754270071 
3450000 0.11886204265161429 
3500000 0.1189600383053051 
3550000 0.11903237784982877 
3600000 0.11893807895288636 
3650000 0.11905988816667003 
3700000 0.11907396456442593 
3750000 0.11927440158464733 
3800000 0.1191941270028152 
3850000 0.11916526653079997 
3900000 0.11911153651364853 
3950000 0.11906347743534416 
4000000 0.11901718996455318 
4050000 0.11894246182106716 
4100000 0.11903218723073573 
4150000 0.11893730041929373 
4200000 0.11910988864427377 
4250000 0.11906524816385791 
4300000 0.11885635012166622 
4350000 0.11922716999538054 
4400000 0.11889365799415248 
4450000 0.11890189353463035 
4500000 0.11905616220799302 
4550000 0.11906336546662546 
4600000 0.1188246627174585 
4650000 0.11904925446614505 
4700000 0.11909088759358645 
4750000 0.11875315610858725 
4800000 0.11894223092604204 
4850000 0.11890672635858678 
4900000 0.11908365345606431 
4950000 0.11915899645261631 
5000000 0.11895671929294611 
5050000 0.11914036973902506 
5100000 0.11939870400595884 
5150000 0.11920884302976918 
