1 0.01666670000000003 0.0 0.0 0.0 0.0 0.0 0.0 0.0 0.0
2 0.05000000000000049 0.0 0.0 0.0 0.0 0.0 0.0 0.0 0.0
3 0.08333329999999965 0.0 0.0 0.0 0.0 0.0 0.0 0.0 0.0
4 0.11666700000000027 0.0 0.0 0.0 0.0 0.0 0.0 0.0 0.0
5 0.1500000000000009 0.0 0.0 0.0 0.0 0.0 0.0 0.0 0.0
6 0.18333300000000133 0.0 0.0 0.0 0.0 0.0 0.0 0.0 0.0
7 0.21666700000000086 0.0 0.0 0.0 0.0 0.0 0.0 0.0 0.0
8 0.25 0.0 0.0 0.0 0.0 0.0 0.0 0.0 0.0
9 0.2833329999999991 0.0 0.0 0.0 0.0 0.0 0.0 0.0 0.0
10 0.3166669999999973 0.0 0.0 0.0 0.0 0.0 0.0 0.0 0.0
11 0.34999999999999637 0.0 0.0 0.0 0.0 0.0 0.0 0.0 0.0
12 0.38333299999999526 0.0 0.0 0.0 0.0 0.0 0.0 0.0 0.0
13 0.4166669999999956 0.0 0.0 0.0 0.0 0.0 0.0 0.0 0.0
14 0.44999999999999496 0.0 0.0 0.0 0.0 0.0 0.0 0.0 0.0
15 0.48333299999999707 0.0 0.0 0.0 0.0 0.0 0.0 0.0 0.0
16 0.5166670000000018 0.0 0.0 0.0 0.0 0.0 0.0 0.0 0.0
17 0.5500000000000062 0.0 0.0 0.0 0.0 0.0 0.0 0.0 0.0
18 0.5833329999999984 0.0 0.0 0.0 0.0 0.0 0.0 0.0 0.0
19 0.6166670000000055 0.0 0.0 0.0 0.0 0.0 0.0 0.0 0.0
20 0.6499999999999948 0.0 0.0 0.0 0.0 0.0 0.0 0.0 0.0
21 0.6833330000000036 0.0 0.0 0.0 0.0 0.0 0.0 0.0 0.0
22 0.7166669999999895 0.0 0.0 0.0 0.0 0.0 0.0 0.0 0.0
23 0.75 0.0 0.0 0.0 0.0 0.0 0.0 0.0 0.0
24 0.7833330000000119 0.0 0.0 0.0 0.0 0.0 0.0 0.0 0.0
25 0.8166669999999961 0.0 0.0 0.0 0.0 0.0 0.0 0.0 0.0
26 0.8500000000000093 0.0 0.0 0.0 0.0 0.0 0.0 0.0 0.0
27 0.8833329999999943 0.0 0.0 0.0 0.0 0.0 0.0 0.0 0.0
28 0.9166670000000037 0.0 0.0 0.0 0.0 0.0 0.0 0.0 0.0
29 0.9499999999999975 0.0 0.0 0.0 0.0 0.0 0.0 0.0 0.0
30 0.9833330000000067 0.0 0.0 0.0 0.0 0.0 0.0 0.0 0.0
31 1.0166699999999878 0.0 0.0 0.0 0.0 0.0 0.0 0.0 0.0
32 1.0499999999999978 0.0 0.0 0.0 0.0 0.0 0.0 0.0 0.0
33 1.083330000000004 0.0 0.0 0.0 0.0 0.0 0.0 0.0 0.0
34 1.1166699999999994 0.0 0.0 0.0 0.0 0.0 0.0 0.0 0.0
35 1.1499999999999873 0.0 0.0 0.0 0.0 0.0 0.0 0.0 0.0
36 1.1833299999999938 0.0 0.0 0.0 0.0 0.0 0.0 0.0 0.0
37 1.2166700000000124 0.0 0.0 0.0 0.0 0.0 0.0 0.0 0.0
38 1.25 0.0 0.0 0.0 0.0 0.0 0.0 0.0 0.0
39 1.283329999999987 0.0 0.0 0.0 0.0 0.0 0.0 0.0 0.0
40 1.31667000000001 0.0 0.0 0.0 0.0 0.0 0.0 0.0 0.0
41 1.3500000000000143 0.0 0.0 0.0 0.0 0.0 0.0 0.0 0.0
42 1.3833300000000006 0.0 0.0 0.0 0.0 0.0 0.0 0.0 0.0
43 1.416669999999986 0.0 0.0 0.0 0.0 0.0 0.0 0.0 0.0
44 1.450000000000014 0.0 0.0 0.0 0.0 0.0 0.0 0.0 0.0
45 1.4833300000000158 0.0 0.0 0.0 0.0 0.0 0.0 0.0 0.0
46 1.516669999999984 0.0 0.0 0.0 0.0 0.0 0.0 0.0 0.0
47 1.5499999999999838 0.0 0.0 0.0 0.0 0.0 0.0 0.0 0.0
48 1.5833300000000172 0.0 0.0 0.0 0.0 0.0 0.0 0.0 0.0
49 1.6166699999999994 0.0 0.0 0.0 0.0 0.0 0.0 0.0 0.0
50 1.6499999999999844 0.0 0.0 0.0 0.0 0.0 0.0 0.0 0.0
51 1.6833299999999825 0.0 0.0 0.0 0.0 0.0 0.0 0.0 0.0
52 1.716670000000015 0.0 0.0 0.0 0.0 0.0 0.0 0.0 0.0
53 1.75 0.0 0.0 0.0 0.0 0.0 0.0 0.0 0.0
54 1.7833299999999845 0.0 0.0 0.0 0.0 0.0 0.0 0.0 0.0
55 1.8166700000000129 0.0 0.0 0.0 0.0 2.18675e-06 8.2672e-08 0.0 0.0
56 1.8500000000000076 0.0 0.0 0.0 0.0 1.2669650000000002e-05 5.787040000000001e-07 0.0 0.0
57 1.88332999999999 0.0 0.0 0.0 0.0 5.906998333333332e-05 2.976191833333331e-06 0.0 0.0
58 1.91666999999999 0.0 0.0 0.0 0.0 0.00035397678333333324 1.7857150333333278e-05 0.0 0.0
59 1.950000000000022 0.0 0.0 0.0 0.0 0.0011948927000000008 6.985786433333343e-05 0.0 0.0
60 1.9833300000000176 0.0 0.0 0.0 0.0 0.003299721683333331 0.00021841944416666612 5.14266e-05 1.1574068333333333e-06
61 2.016669999999982 0.0 0.0 0.0 0.0 0.0076101515000000074 0.0005726686271666654 0.01545906790000001 0.00036094574366666584
62 2.0499999999999767 0.0 0.0 0.0 0.0 0.015867641866666653 0.001335896684999991 0.03786868799999999 0.0012716608699999902
63 2.0833300000000037 0.0 0.0 0.0 0.0 0.02885513983333335 0.0027693454666666674 0.012621780650000004 0.0015851506666666527
64 2.1166700000000214 0.0 0.0 0.0 0.0 0.04837011150000001 0.005249752283333343 0.00034179990000000003 0.001593913999999985
65 2.150000000000006 0.0 0.0 0.0 0.0 0.07621350100000007 0.009281995033333322 0.020013917949999998 0.0021233467333333367
66 2.1833300000000007 0.0 0.0 0.0 0.0 0.11297955233333347 0.015446182166666664 0.06029807733333333 0.003768187066666662
67 2.2166700000000166 2.9410283333333334e-06 8.2672e-08 0.0 0.0 0.15833660666666657 0.024350856500000014 0.05266196833333336 0.005249008133333338
68 2.25 3.1396674999999995e-05 9.920639999999998e-07 0.0 0.0 0.21265444666666677 0.036672617000000025 0.07687177333333327 0.007476025483333314
69 2.2833299999999834 8.312631166666667e-05 3.472224000000001e-06 0.0 0.0 0.27425472500000003 0.053038028166666695 0.11281103849999993 0.010841769650000012
70 2.316669999999995 0.000419897906666667 1.6369055833333344e-05 0.0 0.0 0.34580378500000003 0.07427976183333328 0.11747969400000005 0.014449889333333346
71 2.3499999999999868 0.0011993272066666662 5.427416483333347e-05 0.0 0.0 0.4220961433333326 0.1009595633333334 0.11043562050000001 0.01793997499999998
72 2.3833299999999684 0.003213283358333335 0.00015873021749999953 6.861716666666667e-05 1.24008e-07 0.5022661350000006 0.13361358999999998 0.09093329100000003 0.02089582666666665
73 2.416670000000006 0.006980035 0.0003920304449999991 0.0004453071666666666 9.507279999999999e-07 0.5859024666666673 0.17277811999999992 0.058858400000000005 0.02286294200000004
74 2.450000000000027 0.01338067203333332 0.0008516867733333356 0.0033787191666666675 7.399143999999982e-06 0.6723625066666669 0.2189702500000001 0.055403592166666654 0.02476604616666666
75 2.4833300000000187 0.023618096833333345 0.0016852265200000042 0.016464122666666657 3.9682554166666756e-05 0.7586338566666673 0.2725172749999997 0.042508428333333334 0.02626622033333329
76 2.516669999999981 0.03786037916666665 0.0030575396999999935 0.058975095166666686 0.00015844088516666602 0.8419604766666668 0.3335518533333335 0.016076182866666667 0.026848857333333385
77 2.5499999999999723 0.05656249666666663 0.005162367566666665 0.1551385838333332 0.0004791666983333324 0.9276763499999995 0.40259324833333354 0.004372267650000001 0.027011545666666616
78 2.5833299999999904 0.07887021650000008 0.008174603066666673 0.3493642933333333 0.0012204448649999998 1.0070517166666666 0.479514325 0.0033035787666666648 0.027137703333333246
79 2.616670000000039 0.10637850649999996 0.012342963999999996 0.6583204350000006 0.0026535219666666684 1.0825055833333324 0.5643462383333335 0.00741855216666666 0.027428415499999956
80 2.650000000000022 0.13652956000000005 0.01782994533333333 1.070453678333333 0.005043526599999998 1.1561133166666677 0.6572692850000003 0.029746664833333297 0.028623832666666623
81 2.6833300000000135 0.1672698216666667 0.024722468166666633 1.5653558333333337 0.008626984150000011 1.22454185 0.7581838533333336 0.1949617850000001 0.03665707500000004
82 2.716670000000018 0.19995330499999991 0.03316774066666662 2.0684618666666674 0.013480531833333347 1.2878136499999981 0.8669660149999997 0.9326645383333334 0.07604728966666677
83 2.75 0.2351218966666666 0.04334358433333333 2.5462528333333334 0.019602720166666667 1.3452786000000012 0.9834081533333325 2.7048098666666665 0.19310218999999984
84 2.783329999999982 0.2666446633333334 0.05516517833333333 2.936964349999995 0.02683651600000001 1.39923405 1.1074742833333333 4.773088333333329 0.4047041933333332
85 2.816669999999984 0.29945244166666657 0.06876120383333328 3.2116907333333318 0.03493758366666664 1.4442638166666684 1.238618033333332 5.530458683333333 0.6557886883333334
86 2.849999999999973 0.32982549833333363 0.08409271716666669 3.379104066666665 0.043663856 1.4840903666666672 1.3765869833333324 4.797465349999998 0.8787810733333333
87 2.883329999999954 0.35711149 0.10108317200000003 3.4505804833333333 0.05278439116666672 1.5192284999999994 1.5211453333333358 3.556111916666666 1.0479635666666656
88 2.9166700000000167 0.38485477000000007 0.11981935666666667 3.4074961166666653 0.062000497000000036 1.5522205166666667 1.672277733333334 2.612095733333334 1.1751233833333345
89 2.95000000000003 0.4088179700000001 0.14017973833333344 3.309738400000001 0.07115798533333337 1.5812609500000006 1.8297770833333333 2.1539317166666665 1.2823896000000006
90 2.9833300000000196 0.4311070800000001 0.1621380783333332 3.1536615833333355 0.08008192700000004 1.6041020666666652 1.993182016666666 1.9175949333333324 1.380056933333333
91 3.0166699999999804 0.45199243833333325 0.18567762333333362 2.993703033333331 0.08874354966666682 1.6230927499999994 2.162236983333334 1.6187925000000003 1.46435805
92 3.0499999999999696 0.47259731 0.21083708833333334 2.810919283333335 0.09705704333333341 1.63957155 2.3368031166666654 1.2621959833333332 1.531549316666666
93 3.0833299999999806 0.4907942683333335 0.23753965333333316 2.6185778166666696 0.10497196000000007 1.6505328333333344 2.516398316666666 0.9352370249999999 1.5824302000000003
94 3.1166700000000507 0.5063227733333335 0.2656856649999998 2.436040950000002 0.112495135 1.6609518333333335 2.7010561166666642 0.6796537383333338 1.6202094166666656
95 3.1500000000000328 0.5214191499999995 0.29529430666666673 2.2639692666666664 0.11963726166666681 1.668382916666665 2.8905286666666683 0.49774592833333364 1.648472333333334
96 3.1833300000000224 0.5345630816666668 0.3262951383333336 2.1015777500000024 0.12640817166666665 1.6737783833333335 3.0846580666666674 0.37747553666666667 1.6703621833333326
97 3.216670000000018 0.5462012833333332 0.35863785833333317 1.9590278833333363 0.1328527016666666 1.6754794166666658 3.2830755833333347 0.30017635333333326 1.688135666666667
98 3.25 0.5591263050000005 0.392435545 1.8333689000000004 0.13900948333333352 1.6770600333333334 3.4858180666666656 0.25137064000000003 1.7033295166666669
99 3.2833299999999817 0.5698136933333334 0.42758931000000017 1.7012518999999995 0.14484041 1.6720157166666665 3.6921179833333326 0.22770332499999976 1.7173765499999998
100 3.316669999999976 0.5799592966666662 0.46409925833333376 1.6027013166666666 0.15044564833333351 1.662836866666668 3.9014728000000005 0.22173186833333355 1.7313345666666677
101 3.3499999999999637 0.5878207216666665 0.501851608333333 1.5085121500000016 0.1558280050000003 1.6519312999999989 4.1136555833333315 0.22468731666666675 1.745764283333333
102 3.3833299999999444 0.5962654866666671 0.5409122766666663 1.4259660166666657 0.16101762666666655 1.636111200000001 4.328009416666669 0.24573698833333338 1.761861666666665
103 3.4166700000000234 0.6029895616666662 0.5811956049999996 1.357161516666666 0.16605465333333347 1.6182061000000008 4.5442154 0.2843383100000001 1.780856033333331
104 3.4500000000000295 0.6108496000000001 0.6228040899999996 1.3031173000000005 0.17098595166666672 1.5939930166666672 4.761362149999996 0.33360394499999985 1.8035787833333332
105 3.4833300000000196 0.6166950950000005 0.665626376666667 1.2551031166666675 0.17582772999999996 1.5701463666666677 4.979413466666668 0.40377786999999965 1.8316152333333335
106 3.5166699999999804 0.6217984216666672 0.7096333133333335 1.2031879583333327 0.18055848000000002 1.5445024500000013 5.198028183333333 0.5048558366666669 1.8673439833333338
107 3.5499999999999763 0.6277474883333329 0.7549075083333335 1.1774531366666674 0.18527630500000022 1.5169097666666649 5.416826850000002 0.6543711649999998 1.914535950000003
108 3.5833299999999744 0.6320021416666664 0.8013486700000008 1.1377853800000008 0.189921135 1.4888870500000004 5.635635500000002 0.8820903799999994 1.979350983333334
109 3.616670000000047 0.636683341666667 0.8490081483333319 1.11165453 0.19454411499999977 1.467122133333335 5.855275883333333 1.2464700166666678 2.072651983333333
110 3.6500000000000408 0.6403234899999997 0.897827746666667 1.0957369899999998 0.1991852666666668 1.4409213999999997 6.0749878333333385 1.9011163499999995 2.217589966666666
111 3.683330000000012 0.6450190249999996 0.9479076 1.0924153383333326 0.20389729166666665 1.4166041666666669 6.294955466666659 2.9399946333333333 2.445842333333334
112 3.7166700000000006 0.6475786783333323 0.9991003833333335 1.084150006666667 0.2086586666666666 1.3950807666666676 6.515519583333326 3.927378566666664 2.7562965166666675
113 3.75 0.6538238366666662 1.0517184666666681 1.0780538399999997 0.2134785750000001 1.374821533333334 6.736796800000007 3.989461199999999 3.077339133333331
114 3.783330000000003 0.6552501749999998 1.1053924666666672 1.0780183183333323 0.2183843683333334 1.3555833666666648 6.9588737666666685 2.9581562000000043 3.3196409333333308
115 3.816669999999994 0.6614255766666663 1.1605314499999997 1.0845364933333344 0.2234072066666665 1.3387890999999978 7.182081133333333 1.7426166499999989 3.464904799999998
116 3.849999999999957 0.6643857316666668 1.2168887166666664 1.0977283933333326 0.22858032999999991 1.3235466833333325 7.406618933333322 1.0588478383333346 3.5547187333333365
117 3.8833299999999644 0.6684976716666656 1.2745811500000002 1.1041120216666669 0.23387403333333343 1.3092292666666654 7.632589683333332 0.8240754966666665 3.625834050000001
118 3.9166700000000296 0.6741681450000006 1.3337657666666671 1.1204473066666665 0.2393386266666666 1.2942282166666659 7.859822750000001 0.7519139133333336 3.691840783333337
119 3.950000000000003 0.6792626366666668 1.3944173166666671 1.140281136666666 0.24499505333333332 1.2849874166666664 8.08929034999999 0.7034108066666667 3.7546455333333353
120 3.9833300000000205 0.6855913483333335 1.4566713500000001 1.1674359033333332 0.2508843133333331 1.2710869666666667 8.320122166666668 0.6573943399999995 3.814336249999999
121 4.016669999999979 0.6913925833333335 1.5205071500000005 1.1825311916666659 0.25694998333333335 1.262092583333333 8.553173033333332 0.6386398583333329 3.873298583333335
122 4.050000000000002 0.6984075866666661 1.5860652333333345 1.220202316666668 0.26331319833333355 1.2515847833333333 8.788135183333335 0.6463889183333336 3.9339711499999974
123 4.083329999999969 0.7043149650000005 1.6532708833333343 1.248589266666668 0.2699320616666667 1.2416477833333321 9.025084733333337 0.6859704500000002 3.999423149999998
124 4.116670000000028 0.7121526483333337 1.7223383833333343 1.2792956166666671 0.27682491166666656 1.232496866666667 9.264143566666672 0.77161208 4.07425348333333
125 4.150000000000047 0.7198184249999993 1.793284333333332 1.3082271166666664 0.28398820499999994 1.2249190333333326 9.50559538333334 0.9635529566666666 4.169217283333333
126 4.183329999999992 0.7271780066666663 1.8661117333333337 1.35227785 0.2915121999999997 1.216106283333333 9.749176083333337 1.3594814666666677 4.305362916666664
127 4.216669999999976 0.7350842300000004 1.9409086833333344 1.3748363999999984 0.29928400499999996 1.206892683333334 9.99478048333334 1.9849029500000017 4.507322216666666
128 4.25 0.7392379366666669 2.017322216666665 1.4027374499999996 0.30733942333333275 1.198270500000001 10.242499499999997 2.6224283333333345 4.778384066666672
129 4.283330000000027 0.7465150866666669 2.0957027333333342 1.42491875 0.31565107 1.1901706999999997 10.49242033333333 2.916066716666664 5.084542999999998
130 4.316670000000013 0.7521847433333338 2.175913116666667 1.4249005500000023 0.3240925599999998 1.181363899999999 10.744367166666674 2.789335266666664 5.381972383333333
131 4.349999999999952 0.7564947283333341 2.2578337499999983 1.4190422333333326 0.33262963833333326 1.17418405 10.998665166666662 2.4332748833333344 5.645457733333336
132 4.383329999999981 0.7604716816666672 2.3414518833333324 1.4025555666666667 0.341197343333333 1.164710816666667 11.254789666666651 2.0480125499999984 5.870636449999999
133 4.416670000000034 0.763410893333333 2.426674516666668 1.3694712166666665 0.34969068500000033 1.1576021499999989 11.513238333333335 1.6757158166666675 6.057694566666669
134 4.449999999999982 0.7657543783333335 2.513454366666669 1.3354396333333325 0.35809838833333346 1.1488105499999994 11.773609500000003 1.3548202833333347 6.2112226500000025
135 4.483330000000021 0.7682521483333331 2.601826166666668 1.2909153500000001 0.3663479616666669 1.141788000000001 12.036284833333326 1.1071320999999985 6.3385693
136 4.516669999999979 0.7697427283333332 2.6916909833333316 1.248833099999999 0.37444780999999994 1.1337855333333327 12.301007833333337 0.9461650666666676 6.4490250833333365
137 4.550000000000021 0.7711062683333327 2.7830484833333298 1.192328766666666 0.38229572000000017 1.1261571333333327 12.567848166666655 0.8575869349999994 6.550623699999999
138 4.5833299999999655 0.7710342316666666 2.87574106666667 1.148448519999999 0.3899659316666665 1.118658366666667 12.836805999999997 0.8274691833333333 6.6500957666666665
139 4.6166700000000125 0.7714325766666668 2.969835099999997 1.1057018066666662 0.3974585099999999 1.1126014833333324 13.108215166666675 0.8466207366666665 6.753355999999999
140 4.650000000000052 0.7714034383333327 3.065289499999997 1.0712466999999994 0.4048227983333335 1.1056443333333343 13.381836666666677 0.9044194450000004 6.865264800000003
141 4.683329999999976 0.7711155483333332 3.1620808166666663 1.0259035216666652 0.4119768666666667 1.0987571666666662 13.657666833333332 1.0039775300000007 6.991279033333332
142 4.716669999999957 0.7711455066666673 3.2602590833333323 1.000235705 0.4190515600000004 1.091606383333334 13.935612833333325 1.14371865 7.13688396666667
143 4.75 0.7706560483333333 3.359766516666666 0.9706293966666669 0.4260142283333336 1.0862207333333318 14.216112666666671 1.3258434333333347 7.308069033333331
144 4.783330000000046 0.7712742133333328 3.4607563500000023 0.9513064750000001 0.43293439999999983 1.0803966499999995 14.499035333333337 1.5417292833333327 7.509931899999998
145 4.816670000000028 0.7711249383333332 3.5631389333333323 0.933839926666666 0.4398225316666668 1.074946 14.784472166666674 1.7429358833333326 7.741329616666651
146 4.849999999999947 0.7701904500000002 3.6668174000000016 0.9219678066666677 0.4467175266666668 1.0691078833333327 15.072298500000013 1.8815126666666675 7.994595549999992
147 4.883329999999995 0.771100648333333 3.772050333333333 0.9116386383333328 0.45362930499999976 1.0644209999999996 15.362817000000001 1.8871968833333317 8.252129783333327
148 4.916670000000037 0.771542751666666 3.8787856500000015 0.9004464316666678 0.46054972166666686 1.0605216166666669 15.656233500000004 1.7771854166666692 8.497974333333337
149 4.9499999999999655 0.7712565016666666 3.986933283333333 0.898825831666666 0.46755171166666637 1.0559198500000004 15.95235516666666 1.620053883333334 8.725130850000001
150 4.983330000000021 0.7723877900000007 4.096702983333336 0.8945813316666656 0.4746147933333331 1.0522678833333343 16.251439833333333 1.5228817166666693 8.941548400000004
151 5.016669999999979 0.7728048883333336 4.208006433333336 0.8928058316666666 0.4817584816666672 1.0480043333333333 16.553310500000027 1.5384729333333342 9.163115850000004
152 5.050000000000037 0.7734495549999998 4.3208877333333335 0.8976247383333333 0.48903646333333334 1.0446518916666667 16.85822666666666 1.6590006666666657 9.405227183333336
153 5.083329999999962 0.7744658699999999 4.435414366666663 0.8986209383333332 0.4964191050000008 1.0417641333333334 17.16632799999999 1.823209250000001 9.674826816666666
154 5.116669999999999 0.7749247933333331 4.55151681666667 0.9049720900000003 0.503951643333333 1.0393807666666657 17.477769333333345 1.9625449166666677 9.968849333333338
155 5.150000000000055 0.77620209 4.6693305666666705 0.9099145599999994 0.5116243333333337 1.0385903800000007 17.79304033333333 2.000088233333333 10.27241083333333
156 5.183329999999963 0.7785269133333328 4.78903191666667 0.9156302566666669 0.5194455916666656 1.0365683483333346 18.111785999999995 1.891966649999999 10.563292999999996
157 5.216669999999941 0.7795885683333331 4.910443033333333 0.9239322216666672 0.527439535 1.035525863333333 18.434316999999993 1.6640597333333318 10.822438166666673
158 5.25 0.7815669149999999 5.03372303333333 0.930475353333333 0.535593341666667 1.0362189683333327 18.761204999999983 1.402060566666666 11.043581833333333
159 5.283330000000061 0.7835470399999998 5.158889616666667 0.9398415400000001 0.543934095 1.0367253683333324 19.092416333333325 1.1884565333333326 11.23341966666667
160 5.31667000000004 0.786008001666666 5.286038833333329 0.9498462883333332 0.5524703583333345 1.0376278266666672 19.428112999999986 1.0422128183333343 11.402004499999991
161 5.349999999999943 0.789201285000001 5.4153101999999995 0.9602505800000015 0.5612086399999998 1.0397539000000007 19.768728499999987 0.9588576316666665 11.559057333333339
162 5.383330000000006 0.7925724716666671 5.546756616666668 0.9681222999999998 0.5701286333333336 1.0416354833333332 20.114226666666667 0.9134810016666673 11.710549999999982
163 5.416670000000039 0.7957886749999997 5.680376083333343 0.9729911699999999 0.5792048616666664 1.0438721166666671 20.464765333333332 0.8900632116666679 11.859990999999999
164 5.449999999999952 0.7990972299999997 5.816207649999996 0.9825801133333333 0.5884837483333336 1.0470352333333326 20.820709333333333 0.8811759866666662 12.009765666666672
165 5.483330000000021 0.8025530166666667 5.954300199999995 0.9930009500000002 0.5979761066666671 1.0506091000000013 21.182252000000002 0.8836614216666665 12.161808500000001
166 5.516669999999979 0.806403468333333 6.0947472666666584 1.0024394683333333 0.6076755966666666 1.054056216666666 21.54940133333333 0.9019674566666664 12.318890999999992
167 5.5500000000000504 0.809923611666667 6.237517516666675 1.016023863333333 0.6176255666666672 1.0565215333333338 21.921869000000004 0.9480591599999995 12.486003833333324
168 5.583329999999959 0.8147078816666672 6.382861133333335 1.0233241166666656 0.6277678699999999 1.0606990999999997 22.300318666666694 1.0239573966666664 12.668666333333345
169 5.616669999999989 0.8175482300000002 6.5304583166666585 1.0323118733333334 0.6381217433333335 1.0632726833333332 22.684226166666697 1.1271734833333338 12.872152499999999
170 5.650000000000058 0.8220934199999991 6.680642716666665 1.0444363383333335 0.6487218949999998 1.0668151999999995 23.074004833333337 1.2258616166666665 13.0960905
171 5.683329999999953 0.8258379399999991 6.833296616666667 1.05434724 0.6595493066666669 1.0695928000000006 23.469415666666674 1.274630683333335 13.331690333333334
172 5.716669999999928 0.8295588933333334 6.988442933333334 1.0604624150000004 0.6705676649999996 1.074335283333333 23.871255500000014 1.25941285 13.567218666666664
173 5.75 0.8330706000000002 7.146067716666661 1.0747483500000006 0.6818649733333332 1.0764075333333343 24.278578666666693 1.1942785333333337 13.793173833333313
174 5.783330000000074 0.8368004699999999 7.306239366666672 1.081912306666667 0.6933699016666668 1.0796996666666658 24.691896333333307 1.1097104333333339 14.005573166666657
175 5.816670000000051 0.8405233750000002 7.468983533333332 1.086725296666667 0.7050595283333316 1.0819026333333328 25.11084800000001 1.0360117900000008 14.206156666666677
176 5.849999999999941 0.8447562249999997 7.634427116666669 1.100622526666667 0.7170347933333335 1.084858199999999 25.535772333333355 0.9837956166666669 14.398821166666673
177 5.883330000000015 0.8473618100000005 7.8022774833333335 1.1081061699999997 0.7292292583333341 1.0882364166666658 25.966889333333324 0.9598698016666674 14.58894716666668
178 5.9166700000000425 0.8512397533333337 7.9728127333333285 1.1108162166666664 0.7415924666666672 1.0890156999999991 26.40322016666666 0.9664468616666676 14.782551500000023
179 5.949999999999941 0.8551402633333329 8.14606441666667 1.1166500299999995 0.7541610066666664 1.0922843500000001 26.845804499999993 0.995683423333333 14.98426916666667
180 5.983330000000021 0.8589955283333334 8.322053299999997 1.1227040666666668 0.766939693333333 1.0940147166666654 27.294073000000008 1.0464694983333327 15.198657166666662
181 6.016669999999979 0.8615526816666672 8.500538083333337 1.1319016483333337 0.7799670016666654 1.0961954166666656 27.748247666666636 1.1133725333333337 15.429296999999993
182 6.050000000000061 0.8643873716666663 8.681599616666668 1.134893016666667 0.7931738549999999 1.0964733166666663 28.207592166666647 1.1940442333333336 15.679400500000007
183 6.083329999999957 0.8670325550000009 8.865221949999999 1.1373194633333326 0.8065552300000002 1.0978177166666663 28.67257616666667 1.2709518333333332 15.948552833333343
184 6.116669999999981 0.869701518333333 9.051433766666664 1.138490275 0.8200975483333334 1.0989457666666667 29.14315466666664 1.3232524333333322 16.231858833333355
185 6.150000000000062 0.8734797150000004 9.240498149999993 1.1397311033333337 0.8338027916666663 1.0985506833333334 29.61870549999998 1.3328160666666666 16.52033549999999
186 6.183329999999943 0.8748410550000008 9.431915349999986 1.1421856333333338 0.8476867600000005 1.0998911000000011 30.10000966666669 1.2996233500000003 16.804682666666658
187 6.216669999999917 0.8782592133333338 9.626158166666663 1.1414467150000005 0.8617118600000001 1.1014632000000015 30.587214666666647 1.2522197333333351 17.08161749999999
188 6.25 0.8795032283333328 9.822767633333346 1.1377403000000001 0.8758417266666657 1.1011455499999998 31.07951550000001 1.2223454166666663 17.354853000000002
189 6.283330000000084 0.8827846649999991 10.022222050000002 1.139093531666667 0.8901396516666663 1.1005918500000007 31.576833166666646 1.2256978500000006 17.631769166666643
190 6.316670000000059 0.884356511666666 10.224158000000001 1.1348918416666658 0.9045364449999989 1.1007137666666664 32.079497 1.263035583333334 17.92015916666667
191 6.3499999999999375 0.8859285899999999 10.428590666666668 1.1377251566666668 0.9191219100000009 1.0999037666666693 32.587102000000016 1.3329311666666661 18.227725333333332
192 6.383330000000024 0.8878582250000006 10.635625666666673 1.136778134999999 0.9338485849999995 1.1008277166666651 33.100484666666645 1.4359876999999985 18.562559166666674
193 6.416670000000044 0.8888565350000001 10.845062166666679 1.1346205133333338 0.948701225 1.0994454666666662 33.618592333333346 1.578711233333334 18.934529499999982
194 6.449999999999931 0.8911426899999995 11.057231166666664 1.130491316666667 0.9636539599999996 1.0988310500000007 34.1418011666667 1.7312553000000026 19.346687833333316
195 6.483330000000021 0.8928968966666672 11.272014333333335 1.1301399833333323 0.9787569666666672 1.0969427833333347 34.66952699999999 1.8505060333333343 19.791802833333357
196 6.516669999999979 0.8949976483333324 11.489526166666662 1.1228143499999992 0.9939167200000012 1.096237766666666 35.20234783333337 1.8776214333333336 20.248095499999994
197 6.550000000000071 0.8966253316666665 11.709665999999997 1.1223309166666666 1.009225416666667 1.0948032000000003 35.73993299999999 1.7747669666666657 20.683818166666665
198 6.583329999999956 0.8982568133333338 11.932456999999998 1.1196611349999988 1.0246535000000008 1.0939021833333342 36.282552 1.5878045500000006 21.077615
199 6.616669999999973 0.898617063333333 12.157601333333337 1.1191257333333335 1.0402307666666668 1.092457316666667 36.82995649999998 1.3772908 21.42266966666665
200 6.650000000000063 0.9015221433333335 12.385754666666669 1.1153224100000008 1.0559117333333339 1.0908695833333324 37.38208799999996 1.2014731833333336 21.726718333333334
201 6.683329999999936 0.9016838183333338 12.616242333333334 1.1152863833333333 1.0717502 1.0888252666666665 37.93872099999998 1.0836272333333337 22.003701166666655
202 6.716669999999908 0.9031777683333341 12.849418999999997 1.111660766666666 1.0876947333333329 1.0887652666666665 38.500893666666656 1.0174273016666664 22.26636250000001
203 6.75 0.904485206666667 13.085261166666676 1.1120070633333325 1.103802983333333 1.085839433333334 39.06713283333334 0.9836004033333334 22.522817500000027
204 6.783330000000094 0.9043944249999999 13.323410166666669 1.1105564733333342 1.1200495833333335 1.083115666666667 39.63754083333334 0.9657058533333333 22.7770985
205 6.816670000000067 0.9058688099999999 13.564294666666656 1.107681001666666 1.1364136333333335 1.0814077166666678 40.21266216666666 0.9604269766666678 23.032484666666658
206 6.8499999999999375 0.9072480916666653 13.807918499999987 1.1033644 1.1528737833333327 1.0804440666666664 40.79290600000002 0.9639401133333333 23.291313166666676
207 6.883330000000027 0.9079750166666675 14.054113833333334 1.1045230533333341 1.169512033333333 1.0774118666666679 41.37716583333333 0.971585463333333 23.554744333333318
208 6.91667000000004 0.9080040983333335 14.302703666666675 1.0965917766666669 1.1861911000000003 1.0752549333333346 41.965916666666644 0.9871090200000011 23.82498266666667
209 6.949999999999924 0.9092330483333342 14.55403966666667 1.0949166349999992 1.2030058666666674 1.0738404500000012 42.559572333333335 1.009060926666667 24.103896166666658
210 6.983330000000021 0.9097554533333334 14.807936833333345 1.092172381666667 1.2199392499999988 1.0717757833333337 43.157784166666694 1.0400676833333342 24.39414516666667
211 7.016669999999979 0.9105816066666671 15.064496000000014 1.0930338483333324 1.2370484500000005 1.068720583333333 43.75999933333338 1.0834595166666665 24.699400333333312
212 7.050000000000077 0.9102204149999998 15.323395833333343 1.0927008649999996 1.25431535 1.0676655333333331 44.36735199999999 1.1302707500000009 25.02087299999998
213 7.083329999999971 0.9113862283333337 15.585083999999982 1.0875125849999996 1.271663116666667 1.0655363666666666 44.979237333333316 1.1738390666666672 25.357902666666664
214 7.116669999999986 0.9107876766666673 15.849069666666674 1.08478398 1.2891305499999988 1.0628022499999978 45.595307166666665 1.1964714333333342 25.704673000000025
215 7.150000000000044 0.9122235466666664 16.115947499999997 1.0808459833333344 1.3066980166666655 1.0608726833333333 46.21603683333331 1.1936354333333323 26.053866333333342
216 7.18332999999993 0.9115613433333328 16.385132000000016 1.078387368333333 1.3243894333333328 1.0583135666666665 46.84105466666662 1.1806062833333322 26.402479833333345
217 7.2166699999999 0.912877346666667 16.657206499999997 1.0784464483333336 1.342246183333334 1.0560660333333336 47.47054516666671 1.1637943333333332 26.749322333333357
218 7.25 0.9133403849999995 16.931946166666673 1.0713773516666658 1.3601502333333335 1.0541741333333332 48.10472816666666 1.1560169166666672 27.097039333333363
219 7.283330000000101 0.9137474966666679 17.20933683333333 1.069566025000001 1.3781888499999984 1.0515184833333324 48.74314500000002 1.1518651500000006 27.446700000000014
220 7.316670000000072 0.9147473150000002 17.48957916666668 1.068154243333333 1.3963690000000006 1.04955785 49.38621533333339 1.1456233666666669 27.797656000000014
221 7.349999999999967 0.914675296666666 17.772356 1.0649206199999985 1.4146596833333347 1.046263333333333 50.033119333333374 1.139199916666666 28.14983333333334
222 7.383330000000001 0.9149725483333323 18.05780383333332 1.059127688333333 1.4330157666666665 1.0448552833333338 50.68502983333335 1.1320506333333336 28.502980833333318
223 7.416670000000011 0.915529000000001 18.34600383333334 1.0560768166666672 1.4514849500000018 1.043298383333331 51.34185949999996 1.123700750000001 28.856695666666692
224 7.449999999999917 0.9161602799999994 18.6370005 1.0521981433333325 1.4700520333333333 1.040508899999999 52.00283399999995 1.1162493833333325 29.211230999999994
225 7.483330000000022 0.9167120016666664 18.930785499999992 1.04693844 1.4886920499999998 1.039399483333335 52.66902449999992 1.107607216666667 29.566175500000032
226 7.516669999999978 0.9168213949999995 19.22723033333334 1.0471458216666663 1.507502266666667 1.036465616666666 53.33926566666666 1.098746666666666 29.921425166666644
227 7.550000000000085 0.9182501733333328 19.52677366666666 1.045417823333334 1.5264484000000003 1.0351646999999993 54.01461566666664 1.0833865499999995 30.274820333333324
228 7.5833299999999975 0.917786266666667 19.828816166666655 1.036361316666668 1.5453963666666675 1.0330398999999997 54.69454633333335 1.0665058333333324 30.62579050000004
229 7.61667000000001 0.9194886516666666 20.134084333333316 1.0314821983333327 1.5644215500000005 1.0322013333333337 55.37990833333333 1.049034035000001 30.97405400000002
230 7.650000000000018 0.9191581533333334 20.441922166666657 1.0297618616666677 1.5835813166666675 1.0296045333333324 56.06954133333327 1.0333925866666662 31.32012800000001
231 7.683329999999923 0.9207650666666671 20.75299066666666 1.02545565 1.6028278500000015 1.028513816666667 56.764463833333274 1.020867796666665 31.664996166666654
232 7.716669999999895 0.9209573533333333 21.066828666666662 1.0221894349999994 1.6221798166666679 1.0266185983333325 57.464133666666605 1.0179760083333333 32.011880166666664
233 7.75 0.9224711416666673 21.383903000000014 1.0136532833333334 1.6415360999999995 1.0249773750000009 58.1687371666667 1.023692111666666 32.36373066666667
234 7.783330000000107 0.9233682016666668 21.70402333333335 1.011185176666667 1.6610122499999995 1.0236778249999998 58.878509500000014 1.0378854016666674 32.723529333333325
235 7.816670000000078 0.9240646416666656 22.027136000000013 1.008321493333335 1.6805994000000004 1.0225906733333325 59.593617166666675 1.061346500000001 33.09462883333332
236 7.8499999999999925 0.9253116400000004 22.3534475 1.004555125000001 1.7002804666666687 1.020574218333333 60.313413499999974 1.0807306166666661 33.475734499999994
237 7.8833299999999795 0.9257650666666664 22.68270033333332 1.001849305 1.7200757333333343 1.0196677749999996 61.03868899999994 1.0903258166666667 33.86348916666669
238 7.916669999999986 0.9263664000000001 23.01495599999998 0.9967565049999995 1.7399367666666663 1.0191998383333318 61.76977733333333 1.0790348500000013 34.250485166666714
239 7.9499999999999105 0.9276952783333331 23.350496166666662 0.9929929916666663 1.7598901500000004 1.0179749166666665 62.506150666666706 1.0493216383333333 34.629996666666656
240 7.983330000000022 0.9285862716666664 23.689184 0.9927452050000002 1.7800059166666653 1.0174858999999996 63.24835483333332 1.0106783316666657 34.99860933333334
241 8.016669999999978 0.9299510533333321 24.031206999999984 0.9871406983333333 1.8001757166666688 1.0166335116666665 63.99614116666666 0.9751873399999997 35.357249333333336
242 8.050000000000091 0.9314460416666662 24.376630166666672 0.9862915683333341 1.8204960166666668 1.0157342633333333 64.74949433333342 0.9525130516666661 35.71046983333339
243 8.083330000000021 0.9317846049999999 24.725049666666663 0.9824655283333328 1.8409052666666665 1.014410276666667 65.50810983333336 0.941108663333334 36.06236049999999
244 8.116669999999983 0.9329643516666662 25.0767975 0.9789351949999991 1.861409583333334 1.0146435000000003 66.27316550000013 0.939875085 36.41668999999999
245 8.149999999999993 0.934277755 25.43193283333337 0.9773945683333332 1.8820501833333347 1.0140874599999994 67.04409633333337 0.9437998366666662 36.775431999999995
246 8.18332999999992 0.9353217916666671 25.790383333333352 0.9762332650000007 1.9028348833333337 1.0131104300000002 67.82060100000008 0.9515942833333338 37.14010083333334
247 8.216669999999889 0.9361776366666673 26.15208916666668 0.9759225466666667 1.9237830333333321 1.0134244450000012 68.60368350000007 0.96146046 37.51155699999996
248 8.25 0.9374229149999996 26.517221500000023 0.9716680466666667 1.9448090166666683 1.0132332983333339 69.39298633333335 0.9739389183333353 37.89089449999997
249 8.283330000000113 0.9388889716666671 26.88588566666666 0.9701070733333325 1.965971350000004 1.0125199116666672 70.18811833333328 0.9883377566666661 38.27895250000002
250 8.316670000000082 0.9402738566666664 27.2580705 0.9698246466666663 1.9872979333333327 1.0123252066666673 70.98950699999997 1.005950078333334 38.67711716666661
251 8.350000000000014 0.9413586183333339 27.633677833333337 0.9689413133333328 2.0087768500000003 1.0124717300000001 71.79745416666663 1.0265677549999987 39.08670350000003
252 8.383330000000006 0.9427029149999997 28.012832166666666 0.9691175466666675 2.030430883333334 1.0129587866666667 72.6122538333334 1.0533095666666665 39.510322166666676
253 8.416669999999963 0.9434749233333336 28.3953195 0.9684087349999989 2.0522417499999994 1.0128864766666668 73.43348766666664 1.083331916666668 39.949486000000014
254 8.449999999999905 0.944427648333333 28.781232499999998 0.9688835533333338 2.0742364833333315 1.0123350650000005 74.26078699999994 1.118156450000001 40.40636216666667
255 8.483330000000022 0.9458829900000001 29.170795999999996 0.9678473499999999 2.0963815666666683 1.012503476666666 75.09476733333342 1.1478485333333346 40.879079999999995
256 8.516669999999978 0.9477010716666658 29.564177666666662 0.9664424250000005 2.1186684000000002 1.012855246666667 75.93560616666664 1.1682055000000011 41.36397233333334
257 8.550000000000095 0.9489226950000007 29.9611581666667 0.9668551816666661 2.141139733333334 1.0122726766666672 76.78255016666667 1.1770444333333314 41.85636149999996
258 8.583330000000043 0.9503387600000002 30.361838833333344 0.9657689633333323 2.163760833333333 1.0131883199999998 77.63688683333335 1.1740238166666666 42.35132766666664
259 8.616670000000003 0.9515174733333341 30.766135166666665 0.9711841866666661 2.1866861999999982 1.0127859616666668 78.49752566666672 1.167398683333332 42.84732899999997
260 8.649999999999974 0.9528154616666662 31.17412249999998 0.9692638433333336 2.209743416666666 1.013169863333334 79.36516633333326 1.158271449999999 43.34326566666667
261 8.683329999999915 0.9543981766666662 31.585944666666705 0.9697453633333332 2.2329905500000007 1.0129953616666667 80.23935933333333 1.1501113500000006 43.83951249999996
262 8.716669999999882 0.9559224316666676 32.00159633333337 0.971522931666668 2.25645905 1.0131050366666663 81.12036933333337 1.1426558666666677 44.336334666666644
263 8.75 0.9574405850000008 32.421100333333285 0.9702347100000005 2.2800760833333347 1.0129610299999994 82.00800600000005 1.136197466666667 44.8341368333333
264 8.783330000000118 0.9592339633333341 32.84459766666666 0.9737016900000003 2.3039585666666644 1.0127234099999987 82.90220816666671 1.1290976166666664 45.332603166666594
265 8.816670000000087 0.9605315 33.271891000000004 0.9730609883333325 2.328006916666665 1.0124307466666662 83.80294749999996 1.121173233333334 45.83133233333342
266 8.850000000000033 0.96237549 33.70325000000004 0.9719307883333319 2.3522091 1.0131534733333338 84.71116016666672 1.1072706500000005 46.3276116666667
267 8.883329999999987 0.9631338733333323 34.138204166666675 0.9752440166666662 2.376677150000002 1.0131381483333324 85.62621166666665 1.0885762333333333 46.819193333333274
268 8.916669999999945 0.9641665333333337 34.57690166666668 0.975710061666667 2.4013410166666658 1.0122948633333333 86.54737983333334 1.0646662166666656 47.30359116666666
269 8.9499999999999 0.9664230516666666 35.01991649999999 0.9757508233333332 2.426190400000001 1.0123055899999993 87.47545250000012 1.0387846016666669 47.77975583333332
270 8.983330000000022 0.9686427633333339 35.46726316666666 0.9789349399999994 2.451307066666669 1.0122294649999992 88.41038416666673 1.0153673649999995 48.24865966666666
271 9.016669999999978 0.9695053916666675 35.9183385 0.9787628150000001 2.4766060833333334 1.0116431216666661 89.35171983333339 0.9950456116666664 48.71159350000001
272 9.0500000000001 0.9713468350000013 36.37361799999997 0.9810573866666656 2.502152149999999 1.0113330466666661 90.29973766666659 0.9821462500000011 49.17191149999997
273 9.083330000000062 0.9722586233333328 36.83268916666666 0.9830242449999992 2.5279380999999983 1.0116466783333333 91.25505366666674 0.9735918799999989 49.63158666666671
274 9.11667000000002 0.97377567 37.29585433333336 0.9820397383333329 2.5538883999999986 1.011270385000001 92.21702833333327 0.9719272633333342 50.093852999999996
275 9.149999999999956 0.9756414116666662 37.76330966666667 0.9835197616666661 2.5800676999999994 1.0115898016666662 93.18635933333329 0.974907321666667 50.560929333333355
276 9.18332999999991 0.9767745700000008 38.23472049999998 0.9866401216666666 2.6065217833333327 1.0121347250000006 94.16329283333334 0.983690231666668 51.03565766666669
277 9.216669999999878 0.9779416533333339 38.71012966666668 0.9845629833333323 2.6331124000000012 1.0114654516666652 95.14668416666663 0.9942211183333339 51.51895733333336
278 9.25 0.9800447616666668 39.19001466666668 0.985948103333333 2.659933066666665 1.0113796933333332 96.13711116666653 1.0059649183333346 52.01150833333331
279 9.283330000000124 0.9808433899999991 39.67375399999998 0.9859591283333337 2.686947749999999 1.011305921666667 97.13461766666674 1.0194228400000014 52.51425166666669
280 9.31667000000009 0.9821796350000002 40.16164199999998 0.9868007800000004 2.7141800333333324 1.0116536916666665 98.13964650000003 1.028190801666667 53.02496983333337
281 9.350000000000051 0.9830718099999998 40.653471999999965 0.9880799916666668 2.7416429999999994 1.0122605983333328 99.15248866666656 1.0303292733333336 53.5404168333333
282 9.383329999999969 0.9843647050000006 41.14946499999994 0.9881351883333338 2.769303833333331 1.0117005199999995 100.17199350000008 1.025875766666667 54.05730183333334
283 9.416669999999927 0.9864062233333328 41.650024500000015 0.9873802150000006 2.7971402500000004 1.0120351950000013 101.1991116666667 1.0116095499999995 54.57062766666665
284 9.449999999999896 0.9867248983333335 42.15429883333332 0.9865592583333334 2.8251505833333326 1.0127553000000007 102.23424000000004 0.9955832850000004 55.07940316666672
285 9.483330000000022 0.9879118149999997 42.66274550000006 0.9872647116666662 2.8533792333333348 1.0132320666666659 103.27717333333322 0.9774333866666655 55.582435166666706
286 9.516669999999978 0.9891067166666672 43.17539599999998 0.9888567416666657 2.8818525499999974 1.0134079216666685 104.32761333333339 0.961189836666667 56.08058933333328
287 9.550000000000104 0.9898191099999976 43.69201183333332 0.9865403333333328 2.9104582999999993 1.0133400399999994 105.38539666666662 0.9504449783333344 56.57662983333332
288 9.58333000000008 0.9908558699999997 44.21278916666665 0.985389021666667 2.939230916666666 1.0136114400000011 106.45083833333334 0.9446894900000007 57.073114666666626
289 9.616670000000038 0.9918118266666668 44.737698666666674 0.9827191666666657 2.9681250999999995 1.0141329066666658 107.52424499999998 0.9417084966666665 57.5714828333333
290 9.64999999999994 0.992953651666667 45.266859999999966 0.9827189016666676 2.9972198833333294 1.0141220099999997 108.60509999999996 0.9423157149999986 58.073636666666694
291 9.683329999999907 0.9932957200000008 45.79987016666667 0.9830482649999999 3.026526066666667 1.0141723666666653 109.69352500000001 0.9438656683333323 58.58009800000002
292 9.716669999999873 0.9944096516666665 46.337157666666734 0.9836333150000016 3.0560520166666656 1.0144554149999987 110.78971666666672 0.9458354666666656 59.0911131666667
293 9.75 0.9953030416666676 46.87862450000002 0.9810809366666675 3.0857035666666675 1.0147214549999994 111.89375666666666 0.9517248300000002 59.60884283333328
294 9.783330000000127 0.9961575216666675 47.424266333333364 0.9812160750000002 3.115562399999999 1.0149555933333332 113.00561333333336 0.9547237416666665 60.131766
295 9.816670000000094 0.9963177966666672 47.9737213333333 0.9814926916666658 3.145633533333336 1.0149237916666665 114.12501833333346 0.959155168333333 60.66069899999995
296 9.850000000000069 0.9966354366666667 48.5270883333333 0.978546541666665 3.175818333333331 1.015194408333334 115.25230166666675 0.9639192833333338 61.19587666666666
297 9.883329999999955 0.9972808800000005 49.084572 0.9791784733333333 3.206227183333329 1.0153276283333326 116.38744000000008 0.969913648333333 61.73803466666666
298 9.916669999999911 0.9985954866666674 49.646561166666615 0.9766846499999997 3.236763716666667 1.0152014816666666 117.53006666666658 0.9737848266666663 62.28603266666668
299 9.949999999999893 0.9991419516666665 50.212639666666625 0.9762195900000006 3.2674912833333294 1.0150724316666673 118.68028499999996 0.9774351033333327 62.83979033333327
300 9.983330000000022 0.9992512366666684 50.782585666666705 0.9734460733333328 3.2983371833333313 1.0149403083333337 119.83804166666675 0.9800443850000005 63.398751833333314
